RUNNING THE L-BFGS-B CODE

it    = iteration number
nf    = number of function evaluations
nseg  = number of segments explored during the Cauchy search
nact  = number of active bounds at the generalized Cauchy point
sub   = manner in which the subspace minimization terminated:
        con = converged, bnd = a bound was reached
itls  = number of iterations performed in the line search
stepl = step length used
tstep = norm of the displacement (total step)
projg = norm of the projected gradient
f     = function value

           * * *

Machine precision = 2.220D-16
 N =           65     M =           10

   it   nf  nseg  nact  sub  itls  stepl    tstep     projg        f
    0    1     -     -   -     -     -        -     7.454D+03  9.961D+02
    1    4     1     0  ---    2  2.8D-06  8.4D-02  1.709D+03  5.558D+02
    2    5     0     0  con    0  1.0D+00  1.4D-02  1.522D+03  4.647D+02
    3    7     0     0  con    1  2.7D-01  3.5D-02  1.015D+03  3.097D+02
    4    8     0     0  con    0  1.0D+00  4.2D-02  1.638D+03  2.558D+02
    5    9     0     0  con    0  1.0D+00  2.5D-02  1.052D+03  1.888D+02
    6   10     0     0  con    0  1.0D+00  6.7D-02  5.138D+02  1.050D+02
    7   11     0     0  con    0  1.0D+00  5.5D-02  2.973D+02  6.700D+01
    8   12     0     0  con    0  1.0D+00  6.7D-02  1.717D+02  4.163D+01
    9   13     0     0  con    0  1.0D+00  7.2D-02  9.968D+01  2.674D+01
   10   14     0     0  con    0  1.0D+00  8.5D-02  5.601D+01  1.711D+01
   11   15     0     0  con    0  1.0D+00  9.9D-02  3.059D+01  1.083D+01
   12   16     0     0  con    0  1.0D+00  1.2D-01  1.572D+01  6.695D+00
   13   17     0     0  con    0  1.0D+00  1.3D-01  8.160D+00  4.079D+00
   14   18     0     0  con    0  1.0D+00  1.5D-01  4.366D+00  2.562D+00
   15   19     0     0  con    0  1.0D+00  1.6D-01  3.067D+00  1.789D+00
   16   22     0     0  con    2  1.4D-02  8.4D-03  1.767D+00  1.747D+00
   17   23     0     0  con    0  1.0D+00  1.3D-01  8.620D-01  1.453D+00
   18   24     0     0  con    0  1.0D+00  9.6D-02  5.889D-01  1.335D+00
   19   25     0     0  con    0  1.0D+00  9.6D-02  3.958D-01  1.294D+00
   20   26     0     0  con    0  1.0D+00  3.8D-02  2.718D-01  1.266D+00
   21   27     0     0  con    0  1.0D+00  9.9D-02  4.124D-01  1.230D+00
   22   28     0     0  con    0  1.0D+00  4.1D-02  3.110D-01  1.219D+00
   23   29     0     0  con    0  1.0D+00  7.0D-02  2.936D-01  1.211D+00
   24   30     0     0  con    0  1.0D+00  1.8D-02  1.008D-01  1.206D+00
   25   31     0     0  con    0  1.0D+00  5.8D-03  6.094D-02  1.205D+00
   26   32     0     0  con    0  1.0D+00  2.8D-02  1.428D-01  1.203D+00
   27   34     0     0  con    1  1.4D-01  3.3D-03  6.643D-02  1.203D+00
   28   35     0     0  con    0  1.0D+00  7.1D-03  5.544D-02  1.203D+00
   29   36     0     0  con    0  1.0D+00  1.4D-02  6.285D-02  1.202D+00
   30   37     0     0  con    0  1.0D+00  2.2D-02  4.305D-02  1.201D+00
   31   38     0     0  con    0  1.0D+00  1.6D-02  4.396D-02  1.200D+00
   32   39     0     0  con    0  1.0D+00  6.7D-03  2.544D-02  1.200D+00
   33   40     0     0  con    0  1.0D+00  4.3D-03  2.333D-02  1.200D+00
   34   41     0     0  con    0  1.0D+00  8.4D-03  2.345D-02  1.200D+00
   35   42     0     0  con    0  1.0D+00  8.3D-03  2.379D-02  1.200D+00
   36   43     0     0  con    0  1.0D+00  1.3D-02  3.652D-02  1.199D+00
   37   44     0     0  con    0  1.0D+00  8.8D-03  2.463D-02  1.199D+00
   38   46     0     0  con    1  1.1D-01  1.7D-03  4.265D-02  1.199D+00
   39   47     0     0  con    0  1.0D+00  5.7D-03  2.389D-02  1.199D+00
   40   48     0     0  con    0  1.0D+00  3.1D-03  2.326D-02  1.199D+00
   41   49     0     0  con    0  1.0D+00  7.3D-03  2.975D-02  1.199D+00
   42   50     0     0  con    0  1.0D+00  1.0D-02  3.301D-02  1.199D+00
   43   51     0     0  con    0  1.0D+00  3.7D-02  4.706D-02  1.199D+00
   44   52     0     0  con    0  1.0D+00  5.6D-02  4.348D-02  1.198D+00
   45   53     0     0  con    0  1.0D+00  3.8D-02  3.015D-02  1.197D+00
   46   54     0     0  con    0  1.0D+00  1.2D-01  7.459D-02  1.196D+00
   47   55     0     0  con    0  1.0D+00  1.1D-01  7.947D-02  1.194D+00
   48   56     0     0  con    0  1.0D+00  4.9D-01  1.340D-01  1.189D+00
   49   58     0     0  con    1  3.7D-01  4.3D-01  3.203D-01  1.185D+00
   50   59     0     0  con    0  1.0D+00  7.9D-01  5.642D-01  1.181D+00
   51   60     0     0  con    0  1.0D+00  5.7D-02  2.051D-01  1.174D+00
   52   61     0     0  con    0  1.0D+00  2.6D-01  1.409D-01  1.170D+00
   53   62     0     0  con    0  1.0D+00  1.5D-01  1.557D-01  1.169D+00
   54   63     0     0  con    0  1.0D+00  6.8D-01  2.597D-01  1.159D+00
   55   64     0     0  con    0  1.0D+00  1.4D+00  2.660D-01  1.146D+00
   56   65     0     0  con    0  1.0D+00  1.5D+00  2.259D-01  1.131D+00
   57   66     0     0  con    0  1.0D+00  1.9D+00  2.931D-01  1.119D+00
   58   67     0     0  con    0  1.0D+00  1.7D-01  2.101D-01  1.105D+00
   59   68     0     0  con    0  1.0D+00  7.9D-01  1.636D-01  1.092D+00
   60   70     0     0  con    1  4.2D-01  4.2D-01  4.203D-01  1.087D+00
   61   71     0     0  con    0  1.0D+00  2.0D+00  5.390D-01  1.082D+00
   62   72     0     0  con    0  1.0D+00  3.2D-01  1.758D-01  1.079D+00
   63   73     0     0  con    0  1.0D+00  6.7D-02  9.750D-02  1.079D+00
   64   74     0     0  con    0  1.0D+00  1.5D-01  1.073D-01  1.078D+00
   65   75     0     0  con    0  1.0D+00  3.9D-02  1.181D-01  1.078D+00
   66   76     0     0  con    0  1.0D+00  4.0D-02  1.417D-01  1.075D+00
   67   78     0     0  con    1  4.3D-01  3.9D-01  1.237D-01  1.074D+00
   68   80     0     0  con    1  2.5D-01  6.0D-01  8.637D-02  1.072D+00
   69   82     0     0  con    1  4.7D-01  5.5D-01  5.230D-02  1.071D+00
   70   83     0     0  con    0  1.0D+00  7.3D-02  3.214D-02  1.071D+00
   71   84     0     0  con    0  1.0D+00  1.1D-01  4.445D-02  1.071D+00
   72   86     0     0  con    1  4.2D-01  6.0D-03  6.689D-02  1.070D+00
   73   87     0     0  con    0  1.0D+00  7.0D-02  2.405D-02  1.070D+00
   74   88     0     0  con    0  1.0D+00  9.2D-02  3.170D-02  1.070D+00
   75   89     0     0  con    0  1.0D+00  3.8D-02  4.677D-02  1.070D+00
   76   90     0     0  con    0  1.0D+00  7.5D-03  2.534D-02  1.070D+00
   77   91     0     0  con    0  1.0D+00  7.8D-03  2.291D-02  1.070D+00
   78   92     0     0  con    0  1.0D+00  9.6D-03  2.721D-02  1.070D+00
   79   93     0     0  con    0  1.0D+00  1.5D-02  1.911D-02  1.070D+00
   80   94     0     0  con    0  1.0D+00  2.8D-02  8.982D-03  1.070D+00
   81   95     0     0  con    0  1.0D+00  3.0D-02  1.725D-02  1.070D+00
   82   96     0     0  con    0  1.0D+00  1.8D-02  1.437D-02  1.070D+00
   83   98     0     0  con    1  5.0D-01  1.6D-03  1.326D-02  1.070D+00
   84   99     0     0  con    0  1.0D+00  3.7D-03  5.248D-03  1.070D+00
   85  100     0     0  con    0  1.0D+00  2.2D-03  6.037D-03  1.070D+00
   86  101     0     0  con    0  1.0D+00  6.0D-03  2.229D-02  1.070D+00
   87  102     0     0  con    0  1.0D+00  5.3D-03  6.748D-03  1.070D+00
   88  103     0     0  con    0  1.0D+00  4.9D-03  2.834D-03  1.070D+00
   89  104     0     0  con    0  1.0D+00  3.8D-03  2.518D-03  1.070D+00
   90  105     0     0  con    0  1.0D+00  2.2D-03  1.568D-03  1.070D+00
   91  106     0     0  con    0  1.0D+00  2.4D-03  3.961D-03  1.070D+00
   92  107     0     0  con    0  1.0D+00  4.0D-04  2.067D-03  1.070D+00
   93  108     0     0  con    0  1.0D+00  1.2D-03  7.301D-04  1.070D+00
   94  109     0     0  con    0  1.0D+00  2.0D-03  7.034D-04  1.070D+00
   95  111     0     0  con    1  8.0D-02  7.8D-05  1.505D-03  1.070D+00
   96  112     0     0  con    0  1.0D+00  7.1D-04  1.154D-03  1.070D+00
   97  113     0     0  con    0  1.0D+00  3.7D-03  1.466D-03  1.070D+00
   98  114     0     0  con    0  1.0D+00  1.3D-03  2.345D-03  1.070D+00
   99  115     0     0  con    0  1.0D+00  8.7D-04  5.556D-04  1.070D+00
  100  116     0     0  con    0  1.0D+00  4.3D-04  3.207D-04  1.070D+00

STOP: TOTAL NO. of ITERATIONS REACHED LIMIT                 

 Total User time 5.154E-01 seconds.

RUNNING THE L-BFGS-B CODE

it    = iteration number
nf    = number of function evaluations
nseg  = number of segments explored during the Cauchy search
nact  = number of active bounds at the generalized Cauchy point
sub   = manner in which the subspace minimization terminated:
        con = converged, bnd = a bound was reached
itls  = number of iterations performed in the line search
stepl = step length used
tstep = norm of the displacement (total step)
projg = norm of the projected gradient
f     = function value

           * * *

Machine precision = 2.220D-16
 N =           65     M =           10

   it   nf  nseg  nact  sub  itls  stepl    tstep     projg        f
    0    1     -     -   -     -     -        -     7.338D+03  9.961D+02
    1    4     1     0  ---    2  2.6D-06  7.7D-02  1.997D+03  6.066D+02
    2    5     0     0  con    0  1.0D+00  1.4D-02  1.799D+03  5.170D+02
    3    7     0     0  con    1  3.8D-01  2.9D-02  9.073D+02  4.043D+02
    4    8     0     0  con    0  1.0D+00  2.2D-02  1.249D+03  3.681D+02
    5    9     0     0  con    0  1.0D+00  5.0D-02  1.137D+03  2.935D+02
    6   10     0     0  con    0  1.0D+00  6.7D-02  6.760D+02  2.134D+02
    7   11     0     0  con    0  1.0D+00  6.1D-02  4.220D+02  1.732D+02
    8   12     0     0  con    0  1.0D+00  7.3D-02  2.634D+02  1.461D+02
    9   13     0     0  con    0  1.0D+00  8.3D-02  1.716D+02  1.278D+02
   10   14     0     0  con    0  1.0D+00  1.0D-01  1.203D+02  1.127D+02
   11   15     0     0  con    0  1.0D+00  1.5D-01  8.565D+01  9.680D+01
   12   16     0     0  con    0  1.0D+00  2.9D-01  1.049D+02  8.982D+01
   13   17     0     0  con    0  1.0D+00  1.5D-01  5.405D+01  7.526D+01
   14   18     0     0  con    0  1.0D+00  1.2D-01  3.377D+01  7.136D+01
   15   20     0     0  con    1  4.2D-01  1.0D-01  6.772D+01  7.031D+01
   16   21     0     0  con    0  1.0D+00  9.2D-02  3.215D+01  6.864D+01
   17   22     0     0  con    0  1.0D+00  7.2D-02  3.503D+01  6.757D+01
   18   23     0     0  con    0  1.0D+00  7.5D-02  4.101D+01  6.621D+01
   19   24     0     0  con    0  1.0D+00  1.1D-01  3.759D+01  6.385D+01
   20   25     0     0  con    0  1.0D+00  1.7D-01  4.188D+01  5.991D+01
   21   26     0     0  con    0  1.0D+00  2.9D-01  4.572D+01  5.578D+01
   22   28     0     0  con    1  5.2D-01  1.4D-01  1.947D+01  5.399D+01
   23   29     0     0  con    0  1.0D+00  6.2D-02  1.299D+01  5.272D+01
   24   30     0     0  con    0  1.0D+00  1.1D-01  2.453D+01  5.132D+01
   25   31     0     0  con    0  1.0D+00  1.1D-01  2.729D+01  5.012D+01
   26   33     0     0  con    1  7.2D-02  4.4D-02  5.112D+01  4.994D+01
   27   34     0     0  con    0  1.0D+00  1.6D-01  3.596D+01  4.851D+01
   28   35     0     0  con    0  1.0D+00  1.8D-01  1.239D+01  4.731D+01
   29   36     0     0  con    0  1.0D+00  8.3D-02  1.553D+01  4.684D+01
   30   37     0     0  con    0  1.0D+00  4.4D-02  1.386D+01  4.647D+01
   31   38     0     0  con    0  1.0D+00  1.3D-01  2.247D+01  4.603D+01
   32   39     0     0  con    0  1.0D+00  8.3D-02  1.252D+01  4.555D+01
   33   40     0     0  con    0  1.0D+00  3.0D-02  1.015D+01  4.536D+01
   34   41     0     0  con    0  1.0D+00  6.3D-02  4.578D+00  4.503D+01
   35   42     0     0  con    0  1.0D+00  1.1D-01  7.999D+00  4.477D+01
   36   43     0     0  con    0  1.0D+00  6.6D-02  1.456D+01  4.457D+01
   37   44     0     0  con    0  1.0D+00  3.4D-02  1.472D+01  4.439D+01
   38   45     0     0  con    0  1.0D+00  4.0D-02  6.984D+00  4.418D+01
   39   46     0     0  con    0  1.0D+00  3.0D-02  8.671D+00  4.410D+01
   40   47     0     0  con    0  1.0D+00  3.5D-02  6.466D+00  4.400D+01
   41   48     0     0  con    0  1.0D+00  1.9D-02  5.272D+00  4.395D+01
   42   49     0     0  con    0  1.0D+00  2.3D-02  4.901D+00  4.387D+01
   43   50     0     0  con    0  1.0D+00  4.2D-02  7.955D+00  4.374D+01
   44   51     0     0  con    0  1.0D+00  6.5D-02  1.028D+01  4.367D+01
   45   52     0     0  con    0  1.0D+00  2.5D-02  4.005D+00  4.358D+01
   46   53     0     0  con    0  1.0D+00  1.1D-02  3.950D+00  4.354D+01
   47   54     0     0  con    0  1.0D+00  2.5D-02  4.986D+00  4.345D+01
   48   55     0     0  con    0  1.0D+00  4.9D-02  9.639D+00  4.335D+01
   49   56     0     0  con    0  1.0D+00  3.7D-02  4.417D+00  4.328D+01
   50   57     0     0  con    0  1.0D+00  1.1D-02  3.982D+00  4.325D+01
   51   58     0     0  con    0  1.0D+00  3.5D-02  4.870D+00  4.315D+01
   52   59     0     0  con    0  1.0D+00  7.4D-02  6.466D+00  4.305D+01
   53   60     0     0  con    0  1.0D+00  2.0D-02  3.024D+00  4.300D+01
   54   61     0     0  con    0  1.0D+00  8.7D-03  2.363D+00  4.297D+01
   55   62     0     0  con    0  1.0D+00  2.1D-02  2.186D+00  4.291D+01
   56   63     0     0  con    0  1.0D+00  6.0D-02  1.193D+01  4.290D+01
   57   64     0     0  con    0  1.0D+00  2.3D-02  3.225D+00  4.282D+01
   58   65     0     0  con    0  1.0D+00  7.3D-03  3.545D+00  4.280D+01
   59   66     0     0  con    0  1.0D+00  4.1D-02  5.876D+00  4.277D+01
   60   68     0     0  con    1  5.0D-01  1.9D-02  3.032D+00  4.276D+01
   61   69     0     0  con    0  1.0D+00  5.7D-03  2.692D+00  4.274D+01
   62   70     0     0  con    0  1.0D+00  2.0D-02  2.651D+00  4.270D+01
   63   71     0     0  con    0  1.0D+00  3.8D-02  4.231D+00  4.262D+01
   64   72     0     0  con    0  1.0D+00  7.5D-02  8.461D+00  4.257D+01
   65   73     0     0  con    0  1.0D+00  4.0D-02  5.706D+00  4.248D+01
   66   74     0     0  con    0  1.0D+00  1.4D-02  5.106D+00  4.244D+01
   67   75     0     0  con    0  1.0D+00  4.2D-02  4.576D+00  4.235D+01
   68   76     0     0  con    0  1.0D+00  1.2D-01  5.823D+00  4.215D+01
   69   78     0     0  con    1  5.2D-02  1.8D-02  6.827D+00  4.213D+01
   70   79     0     0  con    0  1.0D+00  1.0D-01  5.563D+00  4.202D+01
   71   80     0     0  con    0  1.0D+00  7.9D-02  3.501D+00  4.191D+01
   72   82     0     0  con    1  4.7D-01  5.4D-02  8.721D+00  4.187D+01
   73   83     0     0  con    0  1.0D+00  5.8D-02  3.642D+00  4.180D+01
   74   84     0     0  con    0  1.0D+00  1.0D-02  4.162D+00  4.178D+01
   75   85     0     0  con    0  1.0D+00  8.6D-02  5.958D+00  4.161D+01
   76   87     0     0  con    1  3.2D-01  3.8D-02  5.212D+00  4.156D+01
   77   88     0     0  con    0  1.0D+00  6.9D-02  3.422D+00  4.148D+01
   78   89     0     0  con    0  1.0D+00  6.7D-02  2.668D+00  4.139D+01
   79   90     0     0  con    0  1.0D+00  1.3D-01  3.541D+00  4.126D+01
   80   91     0     0  con    0  1.0D+00  1.9D-01  6.181D+00  4.108D+01
   81   93     0     0  con    1  2.1D-01  6.0D-02  9.266D+00  4.104D+01
   82   94     0     0  con    0  1.0D+00  7.8D-02  6.569D+00  4.095D+01
   83   95     0     0  con    0  1.0D+00  6.1D-02  1.181D+01  4.092D+01
   84   96     0     0  con    0  1.0D+00  1.9D-02  2.918D+00  4.086D+01
   85   97     0     0  con    0  1.0D+00  7.4D-03  3.007D+00  4.084D+01
   86   98     0     0  con    0  1.0D+00  4.0D-02  6.753D+00  4.079D+01
   87  100     0     0  con    1  4.9D-01  2.2D-02  6.812D+00  4.074D+01
   88  101     0     0  con    0  1.0D+00  4.1D-02  5.734D+00  4.068D+01
   89  102     0     0  con    0  1.0D+00  1.7D-01  4.419D+00  4.050D+01
   90  103     0     0  con    0  1.0D+00  1.6D-01  4.205D+00  4.036D+01
   91  104     0     0  con    0  1.0D+00  2.6D-01  4.483D+00  4.011D+01
   92  105     0     0  con    0  1.0D+00  5.3D-01  1.358D+01  3.975D+01
   93  107     0     0  con    1  3.2D-01  2.2D-01  8.038D+00  3.962D+01
   94  108     0     0  con    0  1.0D+00  3.5D-02  5.032D+00  3.950D+01
   95  109     0     0  con    0  1.0D+00  3.0D-02  8.969D+00  3.940D+01
   96  111     0     0  con    1  4.0D-01  5.3D-02  8.263D+00  3.934D+01
   97  112     0     0  con    0  1.0D+00  2.8D-02  7.067D+00  3.929D+01
   98  113     0     0  con    0  1.0D+00  1.9D-01  7.214D+00  3.909D+01
   99  114     0     0  con    0  1.0D+00  1.4D-01  6.340D+00  3.899D+01
  100  115     0     0  con    0  1.0D+00  2.5D-01  7.765D+00  3.884D+01

STOP: TOTAL NO. of ITERATIONS REACHED LIMIT                 

 Total User time 6.644E-01 seconds.

RUNNING THE L-BFGS-B CODE

it    = iteration number
nf    = number of function evaluations
nseg  = number of segments explored during the Cauchy search
nact  = number of active bounds at the generalized Cauchy point
sub   = manner in which the subspace minimization terminated:
        con = converged, bnd = a bound was reached
itls  = number of iterations performed in the line search
stepl = step length used
tstep = norm of the displacement (total step)
projg = norm of the projected gradient
f     = function value

           * * *

Machine precision = 2.220D-16
 N =           65     M =           10

   it   nf  nseg  nact  sub  itls  stepl    tstep     projg        f
    0    1     -     -   -     -     -        -     7.166D+03  9.961D+02
    1    4     1     0  ---    2  2.7D-06  8.1D-02  1.795D+03  5.790D+02
    2    5     0     0  con    0  1.0D+00  1.4D-02  1.587D+03  4.896D+02
    3    7     0     0  con    1  3.2D-01  3.2D-02  8.263D+02  3.558D+02
    4    8     0     0  con    0  1.0D+00  3.1D-02  1.271D+03  3.097D+02
    5    9     0     0  con    0  1.0D+00  3.4D-02  1.058D+03  2.442D+02
    6   10     0     0  con    0  1.0D+00  7.5D-02  6.077D+02  1.509D+02
    7   11     0     0  con    0  1.0D+00  7.0D-02  3.841D+02  1.046D+02
    8   12     0     0  con    0  1.0D+00  9.4D-02  2.180D+02  6.798D+01
    9   13     0     0  con    0  1.0D+00  1.1D-01  1.184D+02  4.315D+01
   10   14     0     0  con    0  1.0D+00  1.3D-01  7.668D+01  2.753D+01
   11   15     0     0  con    0  1.0D+00  1.5D-01  5.525D+01  1.742D+01
   12   16     0     0  con    0  1.0D+00  2.0D-01  3.121D+01  1.061D+01
   13   17     0     0  con    0  1.0D+00  1.8D-01  2.080D+01  6.960D+00
   14   18     0     0  con    0  1.0D+00  2.3D-01  1.060D+01  4.461D+00
   15   19     0     0  con    0  1.0D+00  2.0D-01  3.839D+00  3.301D+00
   16   20     0     0  con    0  1.0D+00  3.3D-01  1.480D+01  3.236D+00
   17   21     0     0  con    0  1.0D+00  8.1D-02  2.826D+00  2.700D+00
   18   22     0     0  con    0  1.0D+00  1.9D-02  9.843D-01  2.667D+00
   19   23     0     0  con    0  1.0D+00  4.3D-03  1.016D+00  2.662D+00
   20   24     0     0  con    0  1.0D+00  1.3D-02  1.461D+00  2.655D+00
   21   25     0     0  con    0  1.0D+00  2.0D-02  1.869D+00  2.642D+00
   22   26     0     0  con    0  1.0D+00  2.4D-02  2.057D+00  2.616D+00
   23   27     0     0  con    0  1.0D+00  6.0D-02  2.454D+00  2.565D+00
   24   28     0     0  con    0  1.0D+00  6.5D-02  1.196D+00  2.519D+00
   25   29     0     0  con    0  1.0D+00  2.7D-02  5.866D-01  2.504D+00
   26   30     0     0  con    0  1.0D+00  2.4D-02  9.572D-01  2.491D+00
   27   31     0     0  con    0  1.0D+00  7.2D-03  1.011D+00  2.486D+00
   28   32     0     0  con    0  1.0D+00  2.8D-02  8.912D-01  2.467D+00
   29   33     0     0  con    0  1.0D+00  5.0D-02  5.205D-01  2.445D+00
   30   34     0     0  con    0  1.0D+00  4.4D-02  6.339D-01  2.434D+00
   31   36     0     0  con    1  1.2D-01  3.6D-02  8.554D-01  2.428D+00
   32   37     0     0  con    0  1.0D+00  1.3D-02  7.246D-01  2.421D+00
   33   38     0     0  con    0  1.0D+00  5.3D-02  2.779D-01  2.403D+00
   34   39     0     0  con    0  1.0D+00  1.7D-02  2.040D-01  2.399D+00
   35   40     0     0  con    0  1.0D+00  1.5D-02  2.395D-01  2.396D+00
   36   41     0     0  con    0  1.0D+00  3.2D-02  4.861D-01  2.391D+00
   37   43     0     0  con    1  3.9D-01  1.9D-02  2.568D-01  2.388D+00
   38   44     0     0  con    0  1.0D+00  2.2D-02  2.285D-01  2.384D+00
   39   45     0     0  con    0  1.0D+00  1.2D-02  1.599D-01  2.382D+00
   40   46     0     0  con    0  1.0D+00  2.1D-02  1.163D-01  2.379D+00
   41   47     0     0  con    0  1.0D+00  2.9D-02  3.522D-01  2.378D+00
   42   48     0     0  con    0  1.0D+00  7.6D-03  1.129D-01  2.376D+00
   43   49     0     0  con    0  1.0D+00  7.8D-03  1.232D-01  2.376D+00
   44   50     0     0  con    0  1.0D+00  5.1D-03  8.794D-02  2.375D+00
   45   51     0     0  con    0  1.0D+00  5.8D-03  1.283D-01  2.375D+00
   46   52     0     0  con    0  1.0D+00  1.0D-02  1.400D-01  2.374D+00
   47   53     0     0  con    0  1.0D+00  1.9D-02  1.037D-01  2.373D+00
   48   55     0     0  con    1  2.3D-01  5.9D-03  1.815D-01  2.373D+00
   49   56     0     0  con    0  1.0D+00  3.5D-03  1.118D-01  2.373D+00
   50   57     0     0  con    0  1.0D+00  3.8D-03  6.023D-02  2.373D+00
   51   58     0     0  con    0  1.0D+00  2.6D-03  8.122D-02  2.372D+00
   52   59     0     0  con    0  1.0D+00  5.2D-03  7.647D-02  2.372D+00
   53   61     0     0  con    1  3.9D-01  6.9D-03  1.484D-01  2.372D+00
   54   62     0     0  con    0  1.0D+00  3.9D-03  6.989D-02  2.372D+00
   55   63     0     0  con    0  1.0D+00  3.1D-03  5.910D-02  2.372D+00
   56   64     0     0  con    0  1.0D+00  2.0D-03  8.515D-02  2.372D+00
   57   65     0     0  con    0  1.0D+00  3.5D-03  9.748D-02  2.371D+00
   58   66     0     0  con    0  1.0D+00  6.6D-03  8.691D-02  2.371D+00
   59   68     0     0  con    1  1.1D-01  4.1D-03  1.222D-01  2.371D+00
   60   69     0     0  con    0  1.0D+00  6.5D-03  5.877D-02  2.371D+00
   61   70     0     0  con    0  1.0D+00  1.7D-03  5.450D-02  2.371D+00
   62   71     0     0  con    0  1.0D+00  1.6D-03  8.158D-02  2.371D+00
   63   72     0     0  con    0  1.0D+00  2.5D-03  9.688D-02  2.371D+00
   64   73     0     0  con    0  1.0D+00  6.3D-03  1.165D-01  2.371D+00
   65   74     0     0  con    0  1.0D+00  9.4D-03  9.150D-02  2.370D+00
   66   75     0     0  con    0  1.0D+00  4.5D-03  7.091D-02  2.370D+00
   67   76     0     0  con    0  1.0D+00  2.9D-03  4.234D-02  2.370D+00
   68   77     0     0  con    0  1.0D+00  5.8D-03  4.047D-02  2.370D+00
   69   78     0     0  con    0  1.0D+00  8.6D-03  5.290D-02  2.370D+00
   70   79     0     0  con    0  1.0D+00  1.2D-02  4.708D-02  2.370D+00
   71   80     0     0  con    0  1.0D+00  1.4D-02  1.153D-01  2.370D+00
   72   81     0     0  con    0  1.0D+00  1.9D-03  4.137D-02  2.369D+00
   73   82     0     0  con    0  1.0D+00  2.0D-03  5.928D-02  2.369D+00
   74   83     0     0  con    0  1.0D+00  2.6D-03  8.307D-02  2.369D+00
   75   84     0     0  con    0  1.0D+00  8.4D-03  1.077D-01  2.369D+00
   76   85     0     0  con    0  1.0D+00  1.5D-02  1.435D-01  2.369D+00
   77   87     0     0  con    1  2.7D-01  1.1D-02  7.245D-02  2.369D+00
   78   88     0     0  con    0  1.0D+00  2.6D-02  6.565D-02  2.368D+00
   79   89     0     0  con    0  1.0D+00  1.5D-02  5.643D-02  2.368D+00
   80   90     0     0  con    0  1.0D+00  3.2D-02  8.465D-02  2.367D+00
   81   91     0     0  con    0  1.0D+00  2.9D-02  1.367D-01  2.367D+00
   82   92     0     0  con    0  1.0D+00  1.6D-02  8.864D-02  2.366D+00
   83   93     0     0  con    0  1.0D+00  4.6D-02  2.281D-01  2.365D+00
   84   95     0     0  con    1  3.8D-01  1.8D-02  1.362D-01  2.365D+00
   85   96     0     0  con    0  1.0D+00  3.1D-03  1.300D-01  2.364D+00
   86   97     0     0  con    0  1.0D+00  5.3D-02  1.121D-01  2.362D+00
   87   98     0     0  con    0  1.0D+00  7.9D-02  1.579D-01  2.361D+00
   88  100     0     0  con    1  2.8D-01  7.9D-02  3.788D-01  2.360D+00
   89  101     0     0  con    0  1.0D+00  1.3D-01  2.898D-01  2.358D+00
   90  102     0     0  con    0  1.0D+00  1.5D-01  1.643D-01  2.355D+00
   91  103     0     0  con    0  1.0D+00  1.9D-01  1.947D-01  2.351D+00
   92  104     0     0  con    0  1.0D+00  1.3D-01  2.505D-01  2.348D+00
   93  105     0     0  con    0  1.0D+00  3.1D-01  3.652D-01  2.343D+00
   94  106     0     0  con    0  1.0D+00  3.6D-01  2.819D-01  2.335D+00
   95  107     0     0  con    0  1.0D+00  3.6D-01  9.574D-01  2.330D+00
   96  108     0     0  con    0  1.0D+00  2.4D-01  6.122D-01  2.318D+00
   97  109     0     0  con    0  1.0D+00  5.7D-01  3.356D-01  2.305D+00
   98  110     0     0  con    0  1.0D+00  4.2D-01  3.298D-01  2.298D+00
   99  111     0     0  con    0  1.0D+00  1.5D+00  3.771D-01  2.271D+00
  100  113     0     0  con    1  7.4D-02  1.9D-01  6.818D-01  2.268D+00

STOP: TOTAL NO. of ITERATIONS REACHED LIMIT                 

 Total User time 3.983E-01 seconds.

RUNNING THE L-BFGS-B CODE

it    = iteration number
nf    = number of function evaluations
nseg  = number of segments explored during the Cauchy search
nact  = number of active bounds at the generalized Cauchy point
sub   = manner in which the subspace minimization terminated:
        con = converged, bnd = a bound was reached
itls  = number of iterations performed in the line search
stepl = step length used
tstep = norm of the displacement (total step)
projg = norm of the projected gradient
f     = function value

           * * *

Machine precision = 2.220D-16
 N =           65     M =           10

   it   nf  nseg  nact  sub  itls  stepl    tstep     projg        f
    0    1     -     -   -     -     -        -     7.370D+03  9.961D+02
    1    4     1     0  ---    2  2.7D-06  8.0D-02  1.801D+03  5.818D+02
    2    5     0     0  con    0  1.0D+00  1.4D-02  1.573D+03  4.939D+02
    3    7     0     0  con    1  3.2D-01  3.1D-02  8.829D+02  3.690D+02
    4    8     0     0  con    0  1.0D+00  2.8D-02  1.347D+03  3.293D+02
    5    9     0     0  con    0  1.0D+00  3.1D-02  1.102D+03  2.725D+02
    6   10     0     0  con    0  1.0D+00  8.0D-02  5.383D+02  1.745D+02
    7   11     0     0  con    0  1.0D+00  7.4D-02  3.017D+02  1.269D+02
    8   12     0     0  con    0  1.0D+00  9.1D-02  1.642D+02  9.512D+01
    9   13     0     0  con    0  1.0D+00  1.0D-01  8.416D+01  7.634D+01
   10   14     0     0  con    0  1.0D+00  1.2D-01  4.255D+01  6.357D+01
   11   15     0     0  con    0  1.0D+00  1.5D-01  2.698D+01  5.321D+01
   12   16     0     0  con    0  1.0D+00  2.4D-01  2.465D+01  4.073D+01
   13   17     0     0  con    0  1.0D+00  3.1D-01  6.446D+01  3.362D+01
   14   18     0     0  con    0  1.0D+00  1.5D-01  5.245D+01  3.049D+01
   15   20     0     0  con    1  9.2D-02  2.5D-02  2.225D+01  2.993D+01
   16   21     0     0  con    0  1.0D+00  2.0D-01  1.526D+01  2.818D+01
   17   22     0     0  con    0  1.0D+00  1.5D-01  1.411D+01  2.720D+01
   18   23     0     0  con    0  1.0D+00  2.8D-01  1.034D+01  2.488D+01
   19   24     0     0  con    0  1.0D+00  3.3D-01  1.151D+01  2.306D+01
   20   25     0     0  con    0  1.0D+00  2.7D-01  8.018D+00  2.176D+01
   21   26     0     0  con    0  1.0D+00  2.5D-01  6.074D+00  2.096D+01
   22   27     0     0  con    0  1.0D+00  2.3D-01  9.030D+00  2.017D+01
   23   28     0     0  con    0  1.0D+00  2.7D-01  8.551D+00  1.917D+01
   24   29     0     0  con    0  1.0D+00  3.6D-01  1.613D+01  1.898D+01
   25   30     0     0  con    0  1.0D+00  3.0D-01  2.663D+01  1.798D+01
   26   32     0     0  con    1  3.2D-01  7.8D-02  1.039D+01  1.762D+01
   27   33     0     0  con    0  1.0D+00  1.3D-01  4.040D+00  1.735D+01
   28   34     0     0  con    0  1.0D+00  4.6D-02  3.758D+00  1.718D+01
   29   35     0     0  con    0  1.0D+00  1.3D-01  4.480D+00  1.669D+01
   30   36     0     0  con    0  1.0D+00  1.2D-01  5.360D+00  1.630D+01
   31   37     0     0  con    0  1.0D+00  2.5D-01  1.029D+01  1.573D+01
   32   38     0     0  con    0  1.0D+00  2.4D-01  4.530D+00  1.538D+01
   33   39     0     0  con    0  1.0D+00  3.9D-02  2.897D+00  1.518D+01
   34   40     0     0  con    0  1.0D+00  5.0D-02  3.269D+00  1.503D+01
   35   41     0     0  con    0  1.0D+00  3.7D-02  2.665D+00  1.497D+01
   36   42     0     0  con    0  1.0D+00  3.9D-02  4.345D+00  1.493D+01
   37   44     0     0  con    1  4.0D-01  1.7D-02  4.403D+00  1.490D+01
   38   45     0     0  con    0  1.0D+00  1.8D-02  3.624D+00  1.487D+01
   39   46     0     0  con    0  1.0D+00  3.7D-02  2.876D+00  1.482D+01
   40   47     0     0  con    0  1.0D+00  2.1D-02  2.083D+00  1.478D+01
   41   48     0     0  con    0  1.0D+00  5.4D-02  2.161D+00  1.469D+01
   42   49     0     0  con    0  1.0D+00  7.8D-02  2.870D+00  1.465D+01
   43   50     0     0  con    0  1.0D+00  5.3D-02  2.681D+00  1.461D+01
   44   51     0     0  con    0  1.0D+00  2.2D-02  9.995D-01  1.458D+01
   45   52     0     0  con    0  1.0D+00  7.0D-03  1.092D+00  1.457D+01
   46   53     0     0  con    0  1.0D+00  3.7D-02  2.317D+00  1.453D+01
   47   54     0     0  con    0  1.0D+00  4.7D-02  2.506D+00  1.449D+01
   48   56     0     0  con    1  7.6D-02  8.1D-03  4.063D+00  1.448D+01
   49   57     0     0  con    0  1.0D+00  6.2D-02  2.669D+00  1.445D+01
   50   58     0     0  con    0  1.0D+00  3.8D-02  1.497D+00  1.442D+01
   51   59     0     0  con    0  1.0D+00  4.3D-02  1.142D+00  1.439D+01
   52   60     0     0  con    0  1.0D+00  3.1D-02  1.592D+00  1.437D+01
   53   61     0     0  con    0  1.0D+00  3.4D-02  1.483D+00  1.435D+01
   54   62     0     0  con    0  1.0D+00  6.0D-02  3.346D+00  1.434D+01
   55   63     0     0  con    0  1.0D+00  8.8D-03  6.096D-01  1.432D+01
   56   64     0     0  con    0  1.0D+00  4.4D-03  4.672D-01  1.431D+01
   57   65     0     0  con    0  1.0D+00  8.9D-03  6.227D-01  1.431D+01
   58   66     0     0  con    0  1.0D+00  1.5D-02  8.447D-01  1.430D+01
   59   68     0     0  con    1  4.6D-01  1.4D-02  1.996D+00  1.430D+01
   60   69     0     0  con    0  1.0D+00  2.8D-02  6.148D-01  1.429D+01
   61   70     0     0  con    0  1.0D+00  8.2D-03  4.082D-01  1.429D+01
   62   71     0     0  con    0  1.0D+00  2.4D-02  1.701D+00  1.429D+01
   63   72     0     0  con    0  1.0D+00  1.5D-02  5.653D-01  1.428D+01
   64   73     0     0  con    0  1.0D+00  6.1D-03  5.060D-01  1.428D+01
   65   74     0     0  con    0  1.0D+00  9.4D-03  7.245D-01  1.428D+01
   66   75     0     0  con    0  1.0D+00  1.1D-02  8.405D-01  1.427D+01
   67   76     0     0  con    0  1.0D+00  3.9D-02  1.590D+00  1.427D+01
   68   77     0     0  con    0  1.0D+00  1.2D-02  4.498D-01  1.426D+01
   69   78     0     0  con    0  1.0D+00  5.2D-03  2.808D-01  1.426D+01
   70   79     0     0  con    0  1.0D+00  3.7D-03  5.798D-01  1.426D+01
   71   80     0     0  con    0  1.0D+00  9.6D-03  6.146D-01  1.426D+01
   72   81     0     0  con    0  1.0D+00  3.2D-03  5.354D-01  1.426D+01
   73   82     0     0  con    0  1.0D+00  2.1D-03  4.699D-01  1.426D+01
   74   83     0     0  con    0  1.0D+00  3.4D-03  3.422D-01  1.426D+01
   75   84     0     0  con    0  1.0D+00  7.8D-03  5.532D-01  1.426D+01
   76   85     0     0  con    0  1.0D+00  9.6D-03  3.762D-01  1.426D+01
   77   87     0     0  con    1  2.8D-01  9.1D-03  8.619D-01  1.425D+01
   78   88     0     0  con    0  1.0D+00  3.4D-03  6.523D-01  1.425D+01
   79   89     0     0  con    0  1.0D+00  5.9D-03  3.683D-01  1.425D+01
   80   90     0     0  con    0  1.0D+00  4.1D-03  4.496D-01  1.425D+01
   81   91     0     0  con    0  1.0D+00  1.1D-02  4.011D-01  1.425D+01
   82   93     0     0  con    1  3.5D-01  5.8D-03  1.037D+00  1.425D+01
   83   94     0     0  con    0  1.0D+00  8.6D-03  5.507D-01  1.425D+01
   84   95     0     0  con    0  1.0D+00  3.2D-03  3.599D-01  1.425D+01
   85   96     0     0  con    0  1.0D+00  2.5D-03  4.902D-01  1.425D+01
   86   97     0     0  con    0  1.0D+00  5.2D-03  7.084D-01  1.425D+01
   87   98     0     0  con    0  1.0D+00  1.3D-02  9.372D-01  1.424D+01
   88   99     0     0  con    0  1.0D+00  2.4D-02  1.102D+00  1.424D+01
   89  101     0     0  con    1  2.7D-01  1.1D-02  5.893D-01  1.424D+01
   90  102     0     0  con    0  1.0D+00  5.5D-03  3.141D-01  1.424D+01
   91  103     0     0  con    0  1.0D+00  3.6D-03  2.500D-01  1.424D+01
   92  104     0     0  con    0  1.0D+00  4.1D-03  2.455D-01  1.424D+01
   93  105     0     0  con    0  1.0D+00  9.6D-03  5.908D-01  1.424D+01
   94  107     0     0  con    1  5.2D-01  6.1D-03  2.706D-01  1.424D+01
   95  108     0     0  con    0  1.0D+00  2.0D-03  2.674D-01  1.424D+01
   96  109     0     0  con    0  1.0D+00  4.4D-03  2.152D-01  1.423D+01
   97  110     0     0  con    0  1.0D+00  1.5D-02  3.189D-01  1.423D+01
   98  112     0     0  con    1  3.9D-01  7.5D-03  6.162D-01  1.423D+01
   99  113     0     0  con    0  1.0D+00  8.7D-03  4.120D-01  1.423D+01
  100  114     0     0  con    0  1.0D+00  9.0D-03  2.822D-01  1.423D+01

STOP: TOTAL NO. of ITERATIONS REACHED LIMIT                 

 Total User time 3.724E-01 seconds.

RUNNING THE L-BFGS-B CODE

it    = iteration number
nf    = number of function evaluations
nseg  = number of segments explored during the Cauchy search
nact  = number of active bounds at the generalized Cauchy point
sub   = manner in which the subspace minimization terminated:
        con = converged, bnd = a bound was reached
itls  = number of iterations performed in the line search
stepl = step length used
tstep = norm of the displacement (total step)
projg = norm of the projected gradient
f     = function value

           * * *

Machine precision = 2.220D-16
 N =           65     M =           10

   it   nf  nseg  nact  sub  itls  stepl    tstep     projg        f
    0    1     -     -   -     -     -        -     7.544D+03  9.961D+02
    1    4     1     0  ---    2  2.7D-06  8.2D-02  1.904D+03  5.702D+02
    2    5     0     0  con    0  1.0D+00  1.4D-02  1.732D+03  4.770D+02
    3    7     0     0  con    1  2.9D-01  3.4D-02  8.148D+02  3.298D+02
    4    8     0     0  con    0  1.0D+00  3.6D-02  1.338D+03  2.794D+02
    5    9     0     0  con    0  1.0D+00  2.9D-02  8.802D+02  2.154D+02
    6   10     0     0  con    0  1.0D+00  6.8D-02  4.667D+02  1.314D+02
    7   11     0     0  con    0  1.0D+00  6.0D-02  2.747D+02  9.078D+01
    8   12     0     0  con    0  1.0D+00  7.5D-02  1.499D+02  6.287D+01
    9   13     0     0  con    0  1.0D+00  8.0D-02  8.443D+01  4.678D+01
   10   14     0     0  con    0  1.0D+00  9.0D-02  4.735D+01  3.653D+01
   11   15     0     0  con    0  1.0D+00  1.1D-01  2.575D+01  2.863D+01
   12   16     0     0  con    0  1.0D+00  1.7D-01  1.966D+01  1.942D+01
   13   17     0     0  con    0  1.0D+00  3.4D-01  3.655D+01  9.969D+00
   14   18     0     0  con    0  1.0D+00  8.7D-02  2.381D+01  8.286D+00
   15   19     0     0  con    0  1.0D+00  1.6D-01  2.396D+01  6.951D+00
   16   20     0     0  con    0  1.0D+00  1.7D-01  1.095D+01  5.615D+00
   17   21     0     0  con    0  1.0D+00  1.5D-01  8.390D+00  4.924D+00
   18   22     0     0  con    0  1.0D+00  2.3D-01  6.171D+00  4.009D+00
   19   23     0     0  con    0  1.0D+00  1.5D-01  3.278D+00  3.577D+00
   20   24     0     0  con    0  1.0D+00  7.7D-02  1.991D+00  3.392D+00
   21   25     0     0  con    0  1.0D+00  6.0D-02  1.186D+00  3.311D+00
   22   26     0     0  con    0  1.0D+00  4.9D-02  1.131D+00  3.250D+00
   23   27     0     0  con    0  1.0D+00  6.8D-02  1.276D+00  3.184D+00
   24   28     0     0  con    0  1.0D+00  8.2D-02  1.588D+00  3.133D+00
   25   29     0     0  con    0  1.0D+00  9.0D-02  1.422D+00  3.104D+00
   26   31     0     0  con    1  3.5D-01  1.9D-02  2.288D+00  3.091D+00
   27   32     0     0  con    0  1.0D+00  2.3D-02  1.119D+00  3.060D+00
   28   33     0     0  con    0  1.0D+00  1.7D-02  1.126D+00  3.054D+00
   29   34     0     0  con    0  1.0D+00  8.4D-02  1.024D+00  3.033D+00
   30   35     0     0  con    0  1.0D+00  5.0D-02  5.484D-01  3.011D+00
   31   36     0     0  con    0  1.0D+00  4.3D-02  5.922D-01  2.995D+00
   32   37     0     0  con    0  1.0D+00  5.9D-02  3.809D-01  2.972D+00
   33   38     0     0  con    0  1.0D+00  1.1D-01  1.006D+00  2.960D+00
   34   39     0     0  con    0  1.0D+00  3.3D-02  6.124D-01  2.937D+00
   35   40     0     0  con    0  1.0D+00  2.6D-02  3.838D-01  2.928D+00
   36   41     0     0  con    0  1.0D+00  3.4D-02  4.262D-01  2.920D+00
   37   43     0     0  con    1  9.6D-02  1.1D-02  7.367D-01  2.919D+00
   38   44     0     0  con    0  1.0D+00  2.1D-02  3.883D-01  2.915D+00
   39   45     0     0  con    0  1.0D+00  1.8D-02  2.616D-01  2.913D+00
   40   46     0     0  con    0  1.0D+00  1.7D-02  4.396D-01  2.911D+00
   41   47     0     0  con    0  1.0D+00  1.6D-02  3.434D-01  2.908D+00
   42   48     0     0  con    0  1.0D+00  8.5D-03  2.780D-01  2.906D+00
   43   49     0     0  con    0  1.0D+00  2.1D-02  1.976D-01  2.903D+00
   44   50     0     0  con    0  1.0D+00  1.8D-02  2.440D-01  2.901D+00
   45   51     0     0  con    0  1.0D+00  2.0D-02  4.291D-01  2.899D+00
   46   52     0     0  con    0  1.0D+00  7.4D-03  1.244D-01  2.897D+00
   47   53     0     0  con    0  1.0D+00  3.5D-03  1.169D-01  2.897D+00
   48   54     0     0  con    0  1.0D+00  2.4D-03  1.619D-01  2.897D+00
   49   55     0     0  con    0  1.0D+00  9.6D-03  3.961D-01  2.896D+00
   50   56     0     0  con    0  1.0D+00  5.0D-03  2.258D-01  2.895D+00
   51   57     0     0  con    0  1.0D+00  6.3D-03  9.555D-02  2.895D+00
   52   58     0     0  con    0  1.0D+00  4.6D-03  1.528D-01  2.895D+00
   53   59     0     0  con    0  1.0D+00  4.7D-03  1.680D-01  2.894D+00
   54   60     0     0  con    0  1.0D+00  1.1D-02  1.505D-01  2.894D+00
   55   62     0     0  con    1  3.4D-01  7.5D-03  1.037D-01  2.893D+00
   56   63     0     0  con    0  1.0D+00  2.9D-03  5.851D-02  2.893D+00
   57   64     0     0  con    0  1.0D+00  5.0D-03  5.251D-02  2.893D+00
   58   66     0     0  con    1  2.4D-01  2.2D-03  9.016D-02  2.893D+00
   59   67     0     0  con    0  1.0D+00  2.3D-03  7.486D-02  2.893D+00
   60   68     0     0  con    0  1.0D+00  7.7D-03  8.269D-02  2.892D+00
   61   69     0     0  con    0  1.0D+00  5.4D-03  4.804D-02  2.892D+00
   62   70     0     0  con    0  1.0D+00  1.3D-03  3.028D-02  2.892D+00
   63   71     0     0  con    0  1.0D+00  2.0D-03  3.279D-02  2.892D+00
   64   72     0     0  con    0  1.0D+00  5.1D-03  1.026D-01  2.892D+00
   65   73     0     0  con    0  1.0D+00  2.6D-03  6.749D-02  2.892D+00
   66   74     0     0  con    0  1.0D+00  3.0D-03  3.366D-02  2.892D+00
   67   75     0     0  con    0  1.0D+00  1.9D-03  4.361D-02  2.892D+00
   68   76     0     0  con    0  1.0D+00  2.0D-03  3.124D-02  2.892D+00
   69   77     0     0  con    0  1.0D+00  3.1D-03  1.872D-02  2.892D+00
   70   79     0     0  con    1  2.0D-01  8.7D-04  3.188D-02  2.892D+00
   71   80     0     0  con    0  1.0D+00  1.5D-03  1.449D-02  2.892D+00
   72   81     0     0  con    0  1.0D+00  2.8D-04  1.100D-02  2.892D+00
   73   83     0     0  con    1  5.2D-01  7.7D-04  3.508D-02  2.892D+00
   74   84     0     0  con    0  1.0D+00  4.6D-04  2.381D-02  2.892D+00
   75   85     0     0  con    0  1.0D+00  1.2D-03  2.943D-02  2.892D+00
   76   86     0     0  con    0  1.0D+00  1.1D-03  3.246D-02  2.892D+00
   77   87     0     0  con    0  1.0D+00  1.5D-03  2.751D-02  2.892D+00
   78   88     0     0  con    0  1.0D+00  4.3D-03  4.082D-02  2.892D+00
   79   90     0     0  con    1  2.3D-01  1.8D-03  2.204D-02  2.892D+00
   80   91     0     0  con    0  1.0D+00  5.5D-04  8.243D-03  2.892D+00
   81   92     0     0  con    0  1.0D+00  6.2D-04  1.063D-02  2.892D+00
   82   93     0     0  con    0  1.0D+00  3.5D-04  1.229D-02  2.892D+00
   83   95     0     0  con    1  2.3D-01  5.3D-04  2.381D-02  2.892D+00
   84   96     0     0  con    0  1.0D+00  9.9D-04  9.436D-03  2.892D+00
   85   97     0     0  con    0  1.0D+00  7.5D-04  1.218D-02  2.892D+00
   86   98     0     0  con    0  1.0D+00  1.3D-03  2.852D-02  2.892D+00
   87   99     0     0  con    0  1.0D+00  3.8D-04  8.022D-03  2.892D+00
   88  100     0     0  con    0  1.0D+00  5.9D-05  6.045D-03  2.892D+00
   89  101     0     0  con    0  1.0D+00  1.8D-04  7.075D-03  2.892D+00
   90  102     0     0  con    0  1.0D+00  2.6D-04  8.444D-03  2.892D+00
   91  103     0     0  con    0  1.0D+00  7.3D-04  1.044D-02  2.892D+00
   92  104     0     0  con    0  1.0D+00  2.3D-03  1.145D-02  2.892D+00
   93  105     0     0  con    0  1.0D+00  8.0D-04  9.180D-03  2.892D+00
   94  106     0     0  con    0  1.0D+00  1.2D-03  1.331D-02  2.892D+00
   95  108     0     0  con    1  4.7D-01  6.7D-04  7.968D-03  2.892D+00
   96  109     0     0  con    0  1.0D+00  1.0D-03  8.404D-03  2.892D+00
   97  110     0     0  con    0  1.0D+00  1.5D-03  1.387D-02  2.892D+00
   98  111     0     0  con    0  1.0D+00  1.4D-03  6.758D-03  2.892D+00
   99  112     0     0  con    0  1.0D+00  1.2D-03  1.723D-02  2.892D+00
  100  113     0     0  con    0  1.0D+00  8.7D-04  6.518D-03  2.892D+00

STOP: TOTAL NO. of ITERATIONS REACHED LIMIT                 

 Total User time 1.613E-01 seconds.

RUNNING THE L-BFGS-B CODE

it    = iteration number
nf    = number of function evaluations
nseg  = number of segments explored during the Cauchy search
nact  = number of active bounds at the generalized Cauchy point
sub   = manner in which the subspace minimization terminated:
        con = converged, bnd = a bound was reached
itls  = number of iterations performed in the line search
stepl = step length used
tstep = norm of the displacement (total step)
projg = norm of the projected gradient
f     = function value

           * * *

Machine precision = 2.220D-16
 N =           65     M =           10

   it   nf  nseg  nact  sub  itls  stepl    tstep     projg        f
    0    1     -     -   -     -     -        -     7.030D+03  9.961D+02
    1    4     1     0  ---    2  2.6D-06  7.8D-02  1.967D+03  6.004D+02
    2    5     0     0  con    0  1.0D+00  1.4D-02  1.710D+03  5.096D+02
    3    7     0     0  con    1  3.7D-01  3.2D-02  1.046D+03  3.848D+02
    4    8     0     0  con    0  1.0D+00  2.6D-02  1.348D+03  3.383D+02
    5    9     0     0  con    0  1.0D+00  6.5D-02  1.138D+03  2.328D+02
    6   10     0     0  con    0  1.0D+00  7.8D-02  5.843D+02  1.377D+02
    7   11     0     0  con    0  1.0D+00  6.9D-02  3.382D+02  9.469D+01
    8   12     0     0  con    0  1.0D+00  7.8D-02  1.916D+02  6.818D+01
    9   13     0     0  con    0  1.0D+00  8.3D-02  1.095D+02  5.274D+01
   10   14     0     0  con    0  1.0D+00  9.3D-02  6.280D+01  4.298D+01
   11   15     0     0  con    0  1.0D+00  1.1D-01  4.247D+01  3.644D+01
   12   16     0     0  con    0  1.0D+00  1.3D-01  2.837D+01  3.134D+01
   13   17     0     0  con    0  1.0D+00  1.7D-01  1.735D+01  2.635D+01
   14   18     0     0  con    0  1.0D+00  2.6D-01  1.382D+01  1.974D+01
   15   20     0     0  con    1  7.3D-02  6.2D-02  3.451D+01  1.919D+01
   16   21     0     0  con    0  1.0D+00  3.0D-01  2.932D+01  1.631D+01
   17   22     0     0  con    0  1.0D+00  2.8D-01  1.210D+01  1.198D+01
   18   23     0     0  con    0  1.0D+00  2.6D-01  1.302D+01  1.038D+01
   19   24     0     0  con    0  1.0D+00  5.2D-01  9.525D+00  8.472D+00
   20   25     0     0  con    0  1.0D+00  1.8D-01  7.645D+00  7.729D+00
   21   26     0     0  con    0  1.0D+00  1.8D-01  2.586D+00  7.073D+00
   22   27     0     0  con    0  1.0D+00  6.8D-02  2.794D+00  6.819D+00
   23   28     0     0  con    0  1.0D+00  9.4D-02  2.637D+00  6.507D+00
   24   29     0     0  con    0  1.0D+00  2.1D-01  3.578D+00  6.138D+00
   25   30     0     0  con    0  1.0D+00  8.9D-02  1.903D+00  6.004D+00
   26   31     0     0  con    0  1.0D+00  2.4D-02  4.958D+00  5.953D+00
   27   32     0     0  con    0  1.0D+00  3.9D-02  2.177D+00  5.885D+00
   28   33     0     0  con    0  1.0D+00  4.4D-02  1.317D+00  5.850D+00
   29   34     0     0  con    0  1.0D+00  5.8D-02  1.283D+00  5.802D+00
   30   35     0     0  con    0  1.0D+00  5.2D-02  1.270D+00  5.758D+00
   31   36     0     0  con    0  1.0D+00  8.6D-02  2.164D+00  5.673D+00
   32   37     0     0  con    0  1.0D+00  1.1D-01  1.713D+00  5.608D+00
   33   38     0     0  con    0  1.0D+00  2.7D-02  1.094D+00  5.583D+00
   34   39     0     0  con    0  1.0D+00  2.7D-02  9.206D-01  5.554D+00
   35   40     0     0  con    0  1.0D+00  6.3D-02  7.560D-01  5.512D+00
   36   41     0     0  con    0  1.0D+00  6.0D-02  7.235D-01  5.478D+00
   37   43     0     0  con    1  1.3D-01  1.6D-02  1.042D+00  5.474D+00
   38   44     0     0  con    0  1.0D+00  3.0D-02  6.277D-01  5.464D+00
   39   45     0     0  con    0  1.0D+00  1.1D-02  5.829D-01  5.458D+00
   40   46     0     0  con    0  1.0D+00  3.7D-02  1.277D+00  5.449D+00
   41   47     0     0  con    0  1.0D+00  1.8D-02  7.094D-01  5.440D+00
   42   48     0     0  con    0  1.0D+00  1.3D-02  6.887D-01  5.434D+00
   43   49     0     0  con    0  1.0D+00  2.0D-02  6.724D-01  5.426D+00
   44   50     0     0  con    0  1.0D+00  1.8D-02  4.335D-01  5.419D+00
   45   51     0     0  con    0  1.0D+00  4.4D-02  7.374D-01  5.411D+00
   46   53     0     0  con    1  5.0D-01  2.3D-02  6.890D-01  5.405D+00
   47   54     0     0  con    0  1.0D+00  6.8D-03  5.544D-01  5.401D+00
   48   56     0     0  con    1  2.4D-01  1.1D-02  5.378D-01  5.400D+00
   49   57     0     0  con    0  1.0D+00  8.8D-03  2.569D-01  5.397D+00
   50   58     0     0  con    0  1.0D+00  7.3D-03  1.338D-01  5.396D+00
   51   59     0     0  con    0  1.0D+00  1.0D-02  5.333D-01  5.395D+00
   52   60     0     0  con    0  1.0D+00  1.8D-02  4.364D-01  5.394D+00
   53   61     0     0  con    0  1.0D+00  6.6D-03  2.315D-01  5.393D+00
   54   62     0     0  con    0  1.0D+00  9.2D-03  2.537D-01  5.391D+00
   55   63     0     0  con    0  1.0D+00  9.2D-03  3.247D-01  5.390D+00
   56   64     0     0  con    0  1.0D+00  1.6D-02  3.001D-01  5.388D+00
   57   65     0     0  con    0  1.0D+00  3.2D-02  3.592D-01  5.384D+00
   58   66     0     0  con    0  1.0D+00  2.7D-02  1.958D-01  5.381D+00
   59   67     0     0  con    0  1.0D+00  1.2D-02  6.397D-01  5.380D+00
   60   68     0     0  con    0  1.0D+00  1.7D-02  3.611D-01  5.378D+00
   61   69     0     0  con    0  1.0D+00  5.0D-03  2.667D-01  5.378D+00
   62   70     0     0  con    0  1.0D+00  7.7D-03  1.902D-01  5.377D+00
   63   71     0     0  con    0  1.0D+00  5.1D-03  1.798D-01  5.376D+00
   64   72     0     0  con    0  1.0D+00  1.2D-02  3.603D-01  5.376D+00
   65   73     0     0  con    0  1.0D+00  9.7D-03  2.099D-01  5.375D+00
   66   74     0     0  con    0  1.0D+00  2.8D-03  1.390D-01  5.375D+00
   67   75     0     0  con    0  1.0D+00  2.0D-03  1.013D-01  5.375D+00
   68   76     0     0  con    0  1.0D+00  6.0D-03  1.187D-01  5.374D+00
   69   77     0     0  con    0  1.0D+00  7.4D-03  1.534D-01  5.374D+00
   70   78     0     0  con    0  1.0D+00  1.8D-02  1.406D-01  5.373D+00
   71   80     0     0  con    1  6.2D-02  3.3D-03  2.810D-01  5.372D+00
   72   81     0     0  con    0  1.0D+00  9.0D-03  1.410D-01  5.372D+00
   73   82     0     0  con    0  1.0D+00  4.8D-03  1.140D-01  5.372D+00
   74   83     0     0  con    0  1.0D+00  1.9D-03  1.462D-01  5.372D+00
   75   84     0     0  con    0  1.0D+00  4.5D-03  1.093D-01  5.371D+00
   76   86     0     0  con    1  1.4D-01  2.9D-03  2.214D-01  5.371D+00
   77   87     0     0  con    0  1.0D+00  5.4D-03  1.263D-01  5.371D+00
   78   88     0     0  con    0  1.0D+00  3.8D-03  7.690D-02  5.371D+00
   79   89     0     0  con    0  1.0D+00  2.7D-03  9.568D-02  5.371D+00
   80   90     0     0  con    0  1.0D+00  2.6D-03  1.368D-01  5.370D+00
   81   91     0     0  con    0  1.0D+00  6.3D-03  1.464D-01  5.370D+00
   82   92     0     0  con    0  1.0D+00  1.0D-02  1.264D-01  5.370D+00
   83   94     0     0  con    1  3.5D-01  7.4D-03  2.098D-01  5.369D+00
   84   95     0     0  con    0  1.0D+00  6.1D-03  1.155D-01  5.369D+00
   85   96     0     0  con    0  1.0D+00  2.7D-03  1.172D-01  5.369D+00
   86   97     0     0  con    0  1.0D+00  3.0D-03  9.392D-02  5.369D+00
   87   98     0     0  con    0  1.0D+00  9.0D-03  2.045D-01  5.368D+00
   88   99     0     0  con    0  1.0D+00  1.1D-02  4.607D-01  5.368D+00
   89  100     0     0  con    0  1.0D+00  2.9D-03  1.961D-01  5.368D+00
   90  101     0     0  con    0  1.0D+00  1.4D-03  1.295D-01  5.368D+00
   91  102     0     0  con    0  1.0D+00  3.7D-03  9.977D-02  5.367D+00
   92  103     0     0  con    0  1.0D+00  8.5D-03  1.231D-01  5.367D+00
   93  104     0     0  con    0  1.0D+00  1.7D-02  1.706D-01  5.366D+00
   94  106     0     0  con    1  2.0D-01  1.2D-02  2.349D-01  5.366D+00
   95  107     0     0  con    0  1.0D+00  3.0D-02  1.601D-01  5.365D+00
   96  108     0     0  con    0  1.0D+00  1.9D-02  1.738D-01  5.364D+00
   97  109     0     0  con    0  1.0D+00  5.2D-02  2.118D-01  5.363D+00
   98  110     0     0  con    0  1.0D+00  8.0D-03  2.872D-01  5.362D+00
   99  111     0     0  con    0  1.0D+00  2.6D-03  1.680D-01  5.362D+00
  100  112     0     0  con    0  1.0D+00  8.9D-03  2.013D-01  5.361D+00

STOP: TOTAL NO. of ITERATIONS REACHED LIMIT                 

 Total User time 3.433E-01 seconds.

RUNNING THE L-BFGS-B CODE

it    = iteration number
nf    = number of function evaluations
nseg  = number of segments explored during the Cauchy search
nact  = number of active bounds at the generalized Cauchy point
sub   = manner in which the subspace minimization terminated:
        con = converged, bnd = a bound was reached
itls  = number of iterations performed in the line search
stepl = step length used
tstep = norm of the displacement (total step)
projg = norm of the projected gradient
f     = function value

           * * *

Machine precision = 2.220D-16
 N =           65     M =           10

   it   nf  nseg  nact  sub  itls  stepl    tstep     projg        f
    0    1     -     -   -     -     -        -     7.176D+03  9.961D+02
    1    4     1     0  ---    2  2.7D-06  8.1D-02  1.944D+03  5.802D+02
    2    5     0     0  con    0  1.0D+00  1.4D-02  1.771D+03  4.826D+02
    3    7     0     0  con    1  3.1D-01  3.5D-02  8.815D+02  3.298D+02
    4    8     0     0  con    0  1.0D+00  3.4D-02  1.197D+03  2.750D+02
    5    9     0     0  con    0  1.0D+00  3.7D-02  8.909D+02  2.007D+02
    6   10     0     0  con    0  1.0D+00  6.2D-02  4.593D+02  1.231D+02
    7   11     0     0  con    0  1.0D+00  5.7D-02  2.542D+02  8.621D+01
    8   12     0     0  con    0  1.0D+00  6.7D-02  1.459D+02  6.280D+01
    9   13     0     0  con    0  1.0D+00  7.4D-02  8.394D+01  4.879D+01
   10   14     0     0  con    0  1.0D+00  8.7D-02  4.733D+01  3.910D+01
   11   15     0     0  con    0  1.0D+00  1.1D-01  2.931D+01  3.119D+01
   12   16     0     0  con    0  1.0D+00  1.6D-01  3.118D+01  2.306D+01
   13   17     0     0  con    0  1.0D+00  2.2D-01  3.527D+01  1.693D+01
   14   18     0     0  con    0  1.0D+00  3.6D-01  2.935D+01  1.201D+01
   15   19     0     0  con    0  1.0D+00  3.5D-01  4.498D+01  1.106D+01
   16   20     0     0  con    0  1.0D+00  2.0D-02  2.137D+01  9.802D+00
   17   21     0     0  con    0  1.0D+00  7.2D-02  1.312D+01  9.007D+00
   18   22     0     0  con    0  1.0D+00  1.4D-01  1.028D+01  8.382D+00
   19   23     0     0  con    0  1.0D+00  1.7D-01  8.438D+00  7.661D+00
   20   24     0     0  con    0  1.0D+00  2.0D-01  5.804D+00  6.941D+00
   21   25     0     0  con    0  1.0D+00  2.0D-01  7.680D+00  6.282D+00
   22   26     0     0  con    0  1.0D+00  1.5D-01  4.400D+00  5.765D+00
   23   27     0     0  con    0  1.0D+00  1.1D-01  3.221D+00  5.470D+00
   24   28     0     0  con    0  1.0D+00  8.8D-02  3.230D+00  5.285D+00
   25   29     0     0  con    0  1.0D+00  5.0D-02  3.958D+00  5.218D+00
   26   30     0     0  con    0  1.0D+00  1.0D-01  2.937D+00  5.081D+00
   27   31     0     0  con    0  1.0D+00  1.4D-01  3.416D+00  4.947D+00
   28   33     0     0  con    1  2.4D-01  1.6D-02  3.606D+00  4.916D+00
   29   34     0     0  con    0  1.0D+00  3.5D-02  1.895D+00  4.856D+00
   30   35     0     0  con    0  1.0D+00  2.4D-02  8.878D-01  4.830D+00
   31   36     0     0  con    0  1.0D+00  3.8D-02  7.697D-01  4.808D+00
   32   37     0     0  con    0  1.0D+00  2.9D-02  7.634D-01  4.790D+00
   33   38     0     0  con    0  1.0D+00  4.6D-02  6.941D-01  4.749D+00
   34   39     0     0  con    0  1.0D+00  1.1D-01  1.500D+00  4.709D+00
   35   41     0     0  con    1  4.5D-01  4.1D-02  1.461D+00  4.682D+00
   36   42     0     0  con    0  1.0D+00  1.6D-02  5.131D-01  4.664D+00
   37   43     0     0  con    0  1.0D+00  1.9D-02  3.766D-01  4.656D+00
   38   44     0     0  con    0  1.0D+00  1.6D-02  4.402D-01  4.648D+00
   39   46     0     0  con    1  3.6D-01  1.3D-02  1.035D+00  4.644D+00
   40   47     0     0  con    0  1.0D+00  2.6D-02  6.867D-01  4.638D+00
   41   48     0     0  con    0  1.0D+00  1.4D-02  4.011D-01  4.634D+00
   42   49     0     0  con    0  1.0D+00  1.0D-02  4.310D-01  4.631D+00
   43   50     0     0  con    0  1.0D+00  1.2D-02  5.166D-01  4.627D+00
   44   51     0     0  con    0  1.0D+00  6.0D-02  1.432D+00  4.622D+00
   45   52     0     0  con    0  1.0D+00  1.8D-02  5.083D-01  4.608D+00
   46   53     0     0  con    0  1.0D+00  6.8D-03  4.475D-01  4.604D+00
   47   54     0     0  con    0  1.0D+00  1.5D-02  5.014D-01  4.600D+00
   48   55     0     0  con    0  1.0D+00  1.7D-02  4.232D-01  4.595D+00
   49   57     0     0  con    1  3.9D-01  3.7D-02  6.463D-01  4.591D+00
   50   59     0     0  con    1  3.3D-01  6.0D-03  4.774D-01  4.590D+00
   51   60     0     0  con    0  1.0D+00  6.2D-03  2.521D-01  4.588D+00
   52   61     0     0  con    0  1.0D+00  9.1D-03  2.309D-01  4.586D+00
   53   63     0     0  con    1  3.1D-01  1.2D-02  3.964D-01  4.585D+00
   54   64     0     0  con    0  1.0D+00  1.6D-02  2.149D-01  4.582D+00
   55   65     0     0  con    0  1.0D+00  1.4D-02  1.546D-01  4.580D+00
   56   66     0     0  con    0  1.0D+00  1.4D-02  2.163D-01  4.579D+00
   57   68     0     0  con    1  3.0D-01  5.5D-03  2.334D-01  4.578D+00
   58   69     0     0  con    0  1.0D+00  5.1D-03  1.489D-01  4.578D+00
   59   70     0     0  con    0  1.0D+00  4.7D-03  1.116D-01  4.577D+00
   60   71     0     0  con    0  1.0D+00  1.1D-02  1.272D-01  4.576D+00
   61   72     0     0  con    0  1.0D+00  1.5D-02  2.572D-01  4.574D+00
   62   74     0     0  con    1  1.8D-01  4.6D-03  2.446D-01  4.574D+00
   63   75     0     0  con    0  1.0D+00  3.9D-03  2.110D-01  4.574D+00
   64   76     0     0  con    0  1.0D+00  3.9D-03  1.542D-01  4.573D+00
   65   77     0     0  con    0  1.0D+00  6.0D-03  1.667D-01  4.573D+00
   66   78     0     0  con    0  1.0D+00  9.8D-03  1.609D-01  4.572D+00
   67   79     0     0  con    0  1.0D+00  1.6D-02  1.256D-01  4.571D+00
   68   80     0     0  con    0  1.0D+00  1.8D-02  1.977D-01  4.570D+00
   69   82     0     0  con    1  1.1D-01  7.0D-03  1.270D-01  4.570D+00
   70   83     0     0  con    0  1.0D+00  3.7D-03  1.036D-01  4.569D+00
   71   84     0     0  con    0  1.0D+00  8.8D-03  1.306D-01  4.569D+00
   72   85     0     0  con    0  1.0D+00  3.3D-03  8.528D-02  4.569D+00
   73   86     0     0  con    0  1.0D+00  6.9D-03  3.196D-01  4.568D+00
   74   87     0     0  con    0  1.0D+00  4.6D-03  9.120D-02  4.568D+00
   75   88     0     0  con    0  1.0D+00  2.6D-03  8.915D-02  4.568D+00
   76   89     0     0  con    0  1.0D+00  1.1D-02  1.232D-01  4.568D+00
   77   90     0     0  con    0  1.0D+00  3.8D-02  1.860D-01  4.567D+00
   78   91     0     0  con    0  1.0D+00  1.0D-02  1.711D-01  4.566D+00
   79   92     0     0  con    0  1.0D+00  5.9D-03  8.457D-02  4.566D+00
   80   93     0     0  con    0  1.0D+00  1.6D-02  1.654D-01  4.565D+00
   81   94     0     0  con    0  1.0D+00  2.4D-02  2.551D-01  4.565D+00
   82   95     0     0  con    0  1.0D+00  1.3D-02  1.154D-01  4.564D+00
   83   96     0     0  con    0  1.0D+00  4.8D-03  1.040D-01  4.564D+00
   84   97     0     0  con    0  1.0D+00  1.3D-02  1.268D-01  4.563D+00
   85   99     0     0  con    1  7.8D-02  3.1D-03  1.578D-01  4.563D+00
   86  100     0     0  con    0  1.0D+00  2.4D-02  1.157D-01  4.562D+00
   87  101     0     0  con    0  1.0D+00  1.8D-02  1.316D-01  4.562D+00
   88  102     0     0  con    0  1.0D+00  7.8D-03  1.208D-01  4.561D+00
   89  103     0     0  con    0  1.0D+00  2.7D-02  1.071D-01  4.560D+00
   90  104     0     0  con    0  1.0D+00  5.9D-02  1.936D-01  4.558D+00
   91  105     0     0  con    0  1.0D+00  7.6D-02  2.072D-01  4.556D+00
   92  106     0     0  con    0  1.0D+00  4.4D-02  2.894D-01  4.553D+00
   93  108     0     0  con    1  4.6D-01  5.5D-02  4.310D-01  4.551D+00
   94  109     0     0  con    0  1.0D+00  2.5D-02  2.707D-01  4.550D+00
   95  110     0     0  con    0  1.0D+00  2.3D-02  3.613D-01  4.548D+00
   96  111     0     0  con    0  1.0D+00  1.1D-01  6.423D-01  4.543D+00
   97  113     0     0  con    1  5.0D-01  7.5D-02  5.345D-01  4.541D+00
   98  114     0     0  con    0  1.0D+00  1.0D-01  4.419D-01  4.538D+00
   99  115     0     0  con    0  1.0D+00  6.8D-02  4.801D-01  4.535D+00
  100  116     0     0  con    0  1.0D+00  2.1D-01  5.980D-01  4.527D+00

STOP: TOTAL NO. of ITERATIONS REACHED LIMIT                 

 Total User time 6.559E-01 seconds.

RUNNING THE L-BFGS-B CODE

it    = iteration number
nf    = number of function evaluations
nseg  = number of segments explored during the Cauchy search
nact  = number of active bounds at the generalized Cauchy point
sub   = manner in which the subspace minimization terminated:
        con = converged, bnd = a bound was reached
itls  = number of iterations performed in the line search
stepl = step length used
tstep = norm of the displacement (total step)
projg = norm of the projected gradient
f     = function value

           * * *

Machine precision = 2.220D-16
 N =           65     M =           10

   it   nf  nseg  nact  sub  itls  stepl    tstep     projg        f
    0    1     -     -   -     -     -        -     8.102D+03  9.961D+02
    1    4     1     0  ---    2  2.7D-06  8.3D-02  1.883D+03  5.660D+02
    2    5     0     0  con    0  1.0D+00  1.4D-02  1.674D+03  4.754D+02
    3    7     0     0  con    1  2.9D-01  3.4D-02  9.923D+02  3.292D+02
    4    8     0     0  con    0  1.0D+00  3.7D-02  1.715D+03  2.779D+02
    5    9     0     0  con    0  1.0D+00  3.0D-02  1.171D+03  2.123D+02
    6   10     0     0  con    0  1.0D+00  6.8D-02  5.848D+02  1.287D+02
    7   11     0     0  con    0  1.0D+00  5.7D-02  3.354D+02  9.002D+01
    8   12     0     0  con    0  1.0D+00  7.1D-02  1.944D+02  6.320D+01
    9   13     0     0  con    0  1.0D+00  7.8D-02  1.172D+02  4.668D+01
   10   14     0     0  con    0  1.0D+00  9.6D-02  7.302D+01  3.485D+01
   11   15     0     0  con    0  1.0D+00  1.2D-01  4.713D+01  2.595D+01
   12   16     0     0  con    0  1.0D+00  1.5D-01  2.365D+01  1.901D+01
   13   17     0     0  con    0  1.0D+00  1.9D-01  9.999D+00  1.421D+01
   14   18     0     0  con    0  1.0D+00  2.2D-01  1.178D+01  1.107D+01
   15   20     0     0  con    1  1.4D-01  9.7D-02  2.644D+01  1.061D+01
   16   21     0     0  con    0  1.0D+00  2.4D-01  1.270D+01  8.749D+00
   17   22     0     0  con    0  1.0D+00  2.4D-01  8.810D+00  7.809D+00
   18   23     0     0  con    0  1.0D+00  2.7D-01  5.678D+00  6.699D+00
   19   24     0     0  con    0  1.0D+00  4.2D-01  4.564D+00  5.549D+00
   20   26     0     0  con    1  3.8D-01  1.0D-01  5.883D+00  5.198D+00
   21   27     0     0  con    0  1.0D+00  9.8D-02  3.091D+00  4.841D+00
   22   28     0     0  con    0  1.0D+00  9.9D-02  2.544D+00  4.465D+00
   23   29     0     0  con    0  1.0D+00  1.8D-01  2.501D+00  4.201D+00
   24   30     0     0  con    0  1.0D+00  1.6D-01  1.649D+00  3.986D+00
   25   31     0     0  con    0  1.0D+00  7.2D-02  2.657D+00  3.895D+00
   26   33     0     0  con    1  2.9D-01  2.1D-02  2.072D+00  3.874D+00
   27   34     0     0  con    0  1.0D+00  5.7D-02  1.704D+00  3.851D+00
   28   35     0     0  con    0  1.0D+00  1.3D-01  3.164D+00  3.818D+00
   29   36     0     0  con    0  1.0D+00  5.3D-02  1.166D+00  3.744D+00
   30   37     0     0  con    0  1.0D+00  2.5D-02  6.772D-01  3.708D+00
   31   38     0     0  con    0  1.0D+00  8.5D-02  1.534D+00  3.638D+00
   32   39     0     0  con    0  1.0D+00  7.3D-02  1.251D+00  3.585D+00
   33   40     0     0  con    0  1.0D+00  1.3D-01  1.488D+00  3.530D+00
   34   42     0     0  con    1  4.0D-01  5.6D-02  4.959D-01  3.503D+00
   35   43     0     0  con    0  1.0D+00  1.5D-02  4.816D-01  3.491D+00
   36   44     0     0  con    0  1.0D+00  4.0D-02  3.843D-01  3.472D+00
   37   46     0     0  con    1  6.8D-02  3.7D-03  8.564D-01  3.471D+00
   38   47     0     0  con    0  1.0D+00  2.6D-02  6.467D-01  3.465D+00
   39   48     0     0  con    0  1.0D+00  3.2D-02  5.081D-01  3.459D+00
   40   49     0     0  con    0  1.0D+00  9.9D-03  2.826D-01  3.455D+00
   41   50     0     0  con    0  1.0D+00  1.4D-02  2.198D-01  3.450D+00
   42   51     0     0  con    0  1.0D+00  2.7D-02  2.855D-01  3.444D+00
   43   52     0     0  con    0  1.0D+00  4.8D-02  6.686D-01  3.442D+00
   44   53     0     0  con    0  1.0D+00  1.1D-02  2.184D-01  3.436D+00
   45   54     0     0  con    0  1.0D+00  5.7D-03  1.263D-01  3.435D+00
   46   55     0     0  con    0  1.0D+00  7.4D-03  1.382D-01  3.434D+00
   47   56     0     0  con    0  1.0D+00  1.3D-02  1.223D-01  3.432D+00
   48   58     0     0  con    1  6.6D-02  2.0D-03  2.889D-01  3.432D+00
   49   59     0     0  con    0  1.0D+00  1.3D-02  1.913D-01  3.431D+00
   50   60     0     0  con    0  1.0D+00  9.0D-03  2.741D-01  3.431D+00
   51   61     0     0  con    0  1.0D+00  4.3D-03  1.389D-01  3.430D+00
   52   62     0     0  con    0  1.0D+00  2.0D-03  1.067D-01  3.430D+00
   53   63     0     0  con    0  1.0D+00  3.3D-03  8.311D-02  3.430D+00
   54   64     0     0  con    0  1.0D+00  6.7D-03  7.041D-02  3.429D+00
   55   65     0     0  con    0  1.0D+00  1.2D-02  1.248D-01  3.429D+00
   56   66     0     0  con    0  1.0D+00  1.2D-02  1.088D-01  3.428D+00
   57   67     0     0  con    0  1.0D+00  3.7D-03  4.007D-02  3.428D+00
   58   68     0     0  con    0  1.0D+00  2.4D-03  4.356D-02  3.428D+00
   59   69     0     0  con    0  1.0D+00  5.4D-03  1.717D-01  3.428D+00
   60   70     0     0  con    0  1.0D+00  6.2D-03  6.513D-02  3.428D+00
   61   71     0     0  con    0  1.0D+00  1.7D-03  3.956D-02  3.427D+00
   62   72     0     0  con    0  1.0D+00  3.0D-03  3.057D-02  3.427D+00
   63   73     0     0  con    0  1.0D+00  4.2D-03  1.171D-01  3.427D+00
   64   74     0     0  con    0  1.0D+00  3.7D-03  7.623D-02  3.427D+00
   65   75     0     0  con    0  1.0D+00  3.9D-03  4.151D-02  3.427D+00
   66   76     0     0  con    0  1.0D+00  3.8D-03  5.697D-02  3.427D+00
   67   77     0     0  con    0  1.0D+00  4.0D-03  4.051D-02  3.427D+00
   68   78     0     0  con    0  1.0D+00  6.4D-03  3.672D-02  3.427D+00
   69   79     0     0  con    0  1.0D+00  4.8D-03  2.764D-02  3.427D+00
   70   80     0     0  con    0  1.0D+00  3.0D-03  6.602D-02  3.427D+00
   71   82     0     0  con    1  3.6D-01  1.7D-03  4.264D-02  3.426D+00
   72   83     0     0  con    0  1.0D+00  6.7D-04  2.747D-02  3.426D+00
   73   84     0     0  con    0  1.0D+00  1.4D-03  2.357D-02  3.426D+00
   74   85     0     0  con    0  1.0D+00  1.6D-03  2.402D-02  3.426D+00
   75   86     0     0  con    0  1.0D+00  2.6D-03  2.344D-02  3.426D+00
   76   88     0     0  con    1  4.5D-01  2.2D-03  2.880D-02  3.426D+00
   77   89     0     0  con    0  1.0D+00  5.8D-04  2.253D-02  3.426D+00
   78   90     0     0  con    0  1.0D+00  1.6D-03  3.581D-02  3.426D+00
   79   91     0     0  con    0  1.0D+00  1.6D-03  4.780D-02  3.426D+00
   80   92     0     0  con    0  1.0D+00  6.8D-03  7.127D-02  3.426D+00
   81   93     0     0  con    0  1.0D+00  9.3D-03  8.088D-02  3.426D+00
   82   95     0     0  con    1  3.6D-02  9.5D-04  4.884D-02  3.426D+00
   83   96     0     0  con    0  1.0D+00  1.0D-02  2.576D-02  3.426D+00
   84   97     0     0  con    0  1.0D+00  9.4D-03  3.161D-02  3.426D+00
   85   98     0     0  con    0  1.0D+00  1.3D-02  4.245D-02  3.426D+00
   86   99     0     0  con    0  1.0D+00  1.8D-02  4.905D-02  3.425D+00
   87  101     0     0  con    1  1.4D-01  9.8D-03  9.852D-02  3.425D+00
   88  102     0     0  con    0  1.0D+00  2.2D-02  5.185D-02  3.425D+00
   89  103     0     0  con    0  1.0D+00  1.4D-02  4.044D-02  3.425D+00
   90  104     0     0  con    0  1.0D+00  2.1D-02  4.762D-02  3.425D+00
   91  105     0     0  con    0  1.0D+00  3.1D-02  9.681D-02  3.425D+00
   92  106     0     0  con    0  1.0D+00  4.3D-02  7.618D-02  3.424D+00
   93  108     0     0  con    1  9.4D-02  4.2D-03  1.598D-01  3.424D+00
   94  109     0     0  con    0  1.0D+00  2.4D-02  1.083D-01  3.424D+00
   95  110     0     0  con    0  1.0D+00  2.2D-02  6.839D-02  3.423D+00
   96  111     0     0  con    0  1.0D+00  1.4D-02  7.732D-02  3.423D+00
   97  112     0     0  con    0  1.0D+00  2.6D-02  1.246D-01  3.423D+00
   98  113     0     0  con    0  1.0D+00  5.8D-02  1.451D-01  3.422D+00
   99  114     0     0  con    0  1.0D+00  9.5D-02  2.739D-01  3.422D+00
  100  115     0     0  con    0  1.0D+00  6.1D-02  1.119D-01  3.420D+00

STOP: TOTAL NO. of ITERATIONS REACHED LIMIT                 

 Total User time 5.290E-01 seconds.

RUNNING THE L-BFGS-B CODE

it    = iteration number
nf    = number of function evaluations
nseg  = number of segments explored during the Cauchy search
nact  = number of active bounds at the generalized Cauchy point
sub   = manner in which the subspace minimization terminated:
        con = converged, bnd = a bound was reached
itls  = number of iterations performed in the line search
stepl = step length used
tstep = norm of the displacement (total step)
projg = norm of the projected gradient
f     = function value

           * * *

Machine precision = 2.220D-16
 N =           65     M =           10

   it   nf  nseg  nact  sub  itls  stepl    tstep     projg        f
    0    1     -     -   -     -     -        -     6.976D+03  9.961D+02
    1    4     1     0  ---    2  2.6D-06  7.4D-02  1.748D+03  6.231D+02
    2    5     0     0  con    0  1.0D+00  1.4D-02  1.478D+03  5.420D+02
    3    7     0     0  con    1  4.2D-01  2.3D-02  6.828D+02  4.651D+02
    4    8     0     0  con    0  1.0D+00  1.2D-02  8.798D+02  4.493D+02
    5    9     0     0  con    0  1.0D+00  5.2D-02  1.171D+03  3.921D+02
    6   10     0     0  con    0  1.0D+00  7.9D-02  1.206D+03  3.210D+02
    7   11     0     0  con    0  1.0D+00  1.1D-01  7.250D+02  2.353D+02
    8   12     0     0  con    0  1.0D+00  8.0D-02  3.898D+02  1.992D+02
    9   13     0     0  con    0  1.0D+00  9.1D-02  1.751D+02  1.780D+02
   10   14     0     0  con    0  1.0D+00  8.0D-02  9.320D+01  1.685D+02
   11   15     0     0  con    0  1.0D+00  7.2D-02  8.474D+01  1.634D+02
   12   16     0     0  con    0  1.0D+00  6.9D-02  8.162D+01  1.590D+02
   13   17     0     0  con    0  1.0D+00  9.6D-02  6.195D+01  1.516D+02
   14   18     0     0  con    0  1.0D+00  1.4D-01  5.897D+01  1.416D+02
   15   20     0     0  con    1  7.0D-02  2.8D-02  7.189D+01  1.408D+02
   16   21     0     0  con    0  1.0D+00  7.2D-02  5.660D+01  1.385D+02
   17   23     0     0  con    1  2.9D-01  4.8D-02  3.693D+01  1.369D+02
   18   24     0     0  con    0  1.0D+00  2.7D-02  2.982D+01  1.357D+02
   19   25     0     0  con    0  1.0D+00  6.8D-02  2.634D+01  1.335D+02
   20   26     0     0  con    0  1.0D+00  7.3D-02  3.965D+01  1.316D+02
   21   27     0     0  con    0  1.0D+00  1.1D-01  2.034D+01  1.295D+02
   22   28     0     0  con    0  1.0D+00  8.1D-02  1.552D+01  1.284D+02
   23   29     0     0  con    0  1.0D+00  1.2D-01  5.017D+01  1.271D+02
   24   30     0     0  con    0  1.0D+00  5.6D-02  2.633D+01  1.258D+02
   25   31     0     0  con    0  1.0D+00  1.0D-01  1.175D+01  1.246D+02
   26   33     0     0  con    1  5.1D-01  2.5D-02  3.188D+01  1.245D+02
   27   34     0     0  con    0  1.0D+00  3.3D-02  1.575D+01  1.243D+02
   28   35     0     0  con    0  1.0D+00  1.8D-02  1.032D+01  1.242D+02
   29   36     0     0  con    0  1.0D+00  4.3D-02  1.598D+01  1.239D+02
   30   37     0     0  con    0  1.0D+00  3.3D-02  1.937D+01  1.236D+02
   31   38     0     0  con    0  1.0D+00  9.9D-02  2.476D+01  1.229D+02
   32   39     0     0  con    0  1.0D+00  1.0D-01  2.596D+01  1.227D+02
   33   40     0     0  con    0  1.0D+00  1.8D-02  8.308D+00  1.220D+02
   34   41     0     0  con    0  1.0D+00  1.2D-02  5.619D+00  1.219D+02
   35   42     0     0  con    0  1.0D+00  4.4D-02  2.113D+01  1.218D+02
   36   43     0     0  con    0  1.0D+00  2.6D-02  8.961D+00  1.215D+02
   37   44     0     0  con    0  1.0D+00  1.6D-02  8.116D+00  1.215D+02
   38   46     0     0  con    1  3.6D-01  1.9D-02  2.441D+01  1.214D+02
   39   47     0     0  con    0  1.0D+00  2.5D-02  1.521D+01  1.213D+02
   40   48     0     0  con    0  1.0D+00  1.4D-02  1.013D+01  1.213D+02
   41   49     0     0  con    0  1.0D+00  1.2D-02  1.270D+01  1.212D+02
   42   50     0     0  con    0  1.0D+00  1.0D-02  1.629D+01  1.212D+02
   43   51     0     0  con    0  1.0D+00  2.4D-02  1.919D+01  1.210D+02
   44   52     0     0  con    0  1.0D+00  4.3D-02  1.497D+01  1.208D+02
   45   53     0     0  con    0  1.0D+00  7.5D-02  1.401D+01  1.207D+02
   46   54     0     0  con    0  1.0D+00  1.5D-02  6.757D+00  1.205D+02
   47   55     0     0  con    0  1.0D+00  7.1D-03  5.097D+00  1.204D+02
   48   56     0     0  con    0  1.0D+00  2.4D-02  1.070D+01  1.203D+02
   49   57     0     0  con    0  1.0D+00  2.5D-02  8.991D+00  1.202D+02
   50   59     0     0  con    1  3.4D-01  3.3D-02  2.025D+01  1.202D+02
   51   60     0     0  con    0  1.0D+00  1.7D-02  1.182D+01  1.201D+02
   52   61     0     0  con    0  1.0D+00  2.3D-02  4.217D+00  1.201D+02
   53   62     0     0  con    0  1.0D+00  8.7D-03  5.586D+00  1.201D+02
   54   63     0     0  con    0  1.0D+00  1.3D-02  5.197D+00  1.200D+02
   55   64     0     0  con    0  1.0D+00  3.3D-02  9.198D+00  1.200D+02
   56   65     0     0  con    0  1.0D+00  3.5D-02  7.215D+00  1.200D+02
   57   66     0     0  con    0  1.0D+00  7.2D-03  3.670D+00  1.199D+02
   58   67     0     0  con    0  1.0D+00  6.4D-03  3.083D+00  1.199D+02
   59   68     0     0  con    0  1.0D+00  1.7D-02  3.159D+00  1.198D+02
   60   69     0     0  con    0  1.0D+00  2.5D-02  7.799D+00  1.197D+02
   61   71     0     0  con    1  2.7D-01  1.1D-02  6.779D+00  1.197D+02
   62   72     0     0  con    0  1.0D+00  1.8D-02  3.498D+00  1.197D+02
   63   73     0     0  con    0  1.0D+00  1.3D-02  4.336D+00  1.197D+02
   64   74     0     0  con    0  1.0D+00  1.9D-02  6.735D+00  1.196D+02
   65   75     0     0  con    0  1.0D+00  5.7D-02  5.344D+00  1.196D+02
   66   76     0     0  con    0  1.0D+00  2.5D-02  8.219D+00  1.195D+02
   67   77     0     0  con    0  1.0D+00  3.2D-02  6.442D+00  1.194D+02
   68   78     0     0  con    0  1.0D+00  4.5D-02  5.282D+00  1.193D+02
   69   79     0     0  con    0  1.0D+00  5.8D-02  5.550D+00  1.192D+02
   70   80     0     0  con    0  1.0D+00  3.6D-02  4.043D+00  1.191D+02
   71   81     0     0  con    0  1.0D+00  5.6D-02  5.408D+00  1.190D+02
   72   83     0     0  con    1  9.3D-02  1.4D-02  1.298D+01  1.190D+02
   73   84     0     0  con    0  1.0D+00  4.3D-02  6.945D+00  1.189D+02
   74   85     0     0  con    0  1.0D+00  1.8D-02  3.913D+00  1.189D+02
   75   86     0     0  con    0  1.0D+00  1.5D-02  5.113D+00  1.188D+02
   76   87     0     0  con    0  1.0D+00  2.2D-02  4.790D+00  1.188D+02
   77   89     0     0  con    1  1.6D-01  2.4D-02  1.259D+01  1.188D+02
   78   90     0     0  con    0  1.0D+00  4.8D-02  9.707D+00  1.186D+02
   79   91     0     0  con    0  1.0D+00  7.5D-02  6.059D+00  1.185D+02
   80   92     0     0  con    0  1.0D+00  9.6D-02  8.361D+00  1.184D+02
   81   93     0     0  con    0  1.0D+00  1.1D-01  7.670D+00  1.182D+02
   82   94     0     0  con    0  1.0D+00  2.1D-01  1.709D+01  1.179D+02
   83   96     0     0  con    1  1.2D-01  3.4D-02  1.745D+01  1.178D+02
   84   97     0     0  con    0  1.0D+00  9.4D-02  1.636D+01  1.177D+02
   85   98     0     0  con    0  1.0D+00  2.8D-01  2.801D+01  1.176D+02
   86   99     0     0  con    0  1.0D+00  4.9D-02  1.263D+01  1.172D+02
   87  100     0     0  con    0  1.0D+00  3.5D-02  9.545D+00  1.170D+02
   88  101     0     0  con    0  1.0D+00  2.0D-01  1.565D+01  1.167D+02
   89  102     0     0  con    0  1.0D+00  1.8D-01  1.803D+01  1.166D+02
   90  103     0     0  con    0  1.0D+00  1.1D-01  9.408D+00  1.164D+02
   91  104     0     0  con    0  1.0D+00  1.1D-01  1.042D+01  1.162D+02
   92  105     0     0  con    0  1.0D+00  1.8D-01  1.267D+01  1.159D+02
   93  106     0     0  con    0  1.0D+00  6.8D-01  3.917D+01  1.158D+02
   94  108     0     0  con    1  2.1D-01  5.3D-02  2.945D+01  1.157D+02
   95  109     0     0  con    0  1.0D+00  1.9D-01  1.062D+01  1.152D+02
   96  110     0     0  con    0  1.0D+00  2.7D-02  8.650D+00  1.150D+02
   97  111     0     0  con    0  1.0D+00  1.3D-01  1.405D+01  1.146D+02
   98  112     0     0  con    0  1.0D+00  1.2D-01  8.730D+00  1.144D+02
   99  114     0     0  con    1  4.2D-01  1.1D-01  2.105D+01  1.142D+02
  100  115     0     0  con    0  1.0D+00  5.4D-02  1.345D+01  1.140D+02

STOP: TOTAL NO. of ITERATIONS REACHED LIMIT                 

 Total User time 7.454E-01 seconds.

RUNNING THE L-BFGS-B CODE

it    = iteration number
nf    = number of function evaluations
nseg  = number of segments explored during the Cauchy search
nact  = number of active bounds at the generalized Cauchy point
sub   = manner in which the subspace minimization terminated:
        con = converged, bnd = a bound was reached
itls  = number of iterations performed in the line search
stepl = step length used
tstep = norm of the displacement (total step)
projg = norm of the projected gradient
f     = function value

           * * *

Machine precision = 2.220D-16
 N =           65     M =           10

   it   nf  nseg  nact  sub  itls  stepl    tstep     projg        f
    0    1     -     -   -     -     -        -     7.268D+03  9.961D+02
    1    4     1     0  ---    2  2.7D-06  7.9D-02  1.853D+03  5.905D+02
    2    5     0     0  con    0  1.0D+00  1.4D-02  1.659D+03  5.043D+02
    3    7     0     0  con    1  3.5D-01  2.9D-02  7.856D+02  3.908D+02
    4    8     0     0  con    0  1.0D+00  2.3D-02  1.051D+03  3.578D+02
    5    9     0     0  con    0  1.0D+00  3.5D-02  9.097D+02  3.052D+02
    6   10     0     0  con    0  1.0D+00  7.8D-02  5.175D+02  2.176D+02
    7   11     0     0  con    0  1.0D+00  7.8D-02  3.163D+02  1.700D+02
    8   12     0     0  con    0  1.0D+00  9.7D-02  1.911D+02  1.360D+02
    9   13     0     0  con    0  1.0D+00  1.1D-01  1.057D+02  1.129D+02
   10   14     0     0  con    0  1.0D+00  1.3D-01  7.531D+01  9.610D+01
   11   15     0     0  con    0  1.0D+00  1.6D-01  5.834D+01  8.280D+01
   12   16     0     0  con    0  1.0D+00  2.1D-01  4.098D+01  7.133D+01
   13   17     0     0  con    0  1.0D+00  3.0D-01  4.278D+01  5.856D+01
   14   18     0     0  con    0  1.0D+00  4.6D-01  1.448D+02  5.433D+01
   15   19     0     0  con    0  1.0D+00  8.4D-02  6.671D+01  5.145D+01
   16   20     0     0  con    0  1.0D+00  6.0D-02  1.969D+01  4.989D+01
   17   21     0     0  con    0  1.0D+00  1.1D-02  1.696D+01  4.967D+01
   18   22     0     0  con    0  1.0D+00  4.4D-02  2.114D+01  4.921D+01
   19   23     0     0  con    0  1.0D+00  1.0D-01  2.220D+01  4.822D+01
   20   24     0     0  con    0  1.0D+00  1.5D-01  2.216D+01  4.685D+01
   21   25     0     0  con    0  1.0D+00  1.5D-01  3.305D+01  4.564D+01
   22   26     0     0  con    0  1.0D+00  6.0D-02  1.547D+01  4.499D+01
   23   27     0     0  con    0  1.0D+00  3.8D-02  7.768D+00  4.464D+01
   24   28     0     0  con    0  1.0D+00  3.3D-02  8.930D+00  4.441D+01
   25   29     0     0  con    0  1.0D+00  7.9D-02  1.119D+01  4.391D+01
   26   31     0     0  con    1  2.3D-01  4.3D-02  1.236D+01  4.365D+01
   27   32     0     0  con    0  1.0D+00  2.2D-02  6.256D+00  4.346D+01
   28   33     0     0  con    0  1.0D+00  2.9D-02  5.195D+00  4.337D+01
   29   34     0     0  con    0  1.0D+00  2.5D-02  6.274D+00  4.324D+01
   30   35     0     0  con    0  1.0D+00  9.6D-02  6.570D+00  4.285D+01
   31   36     0     0  con    0  1.0D+00  8.7D-02  1.135D+01  4.256D+01
   32   37     0     0  con    0  1.0D+00  1.0D-01  1.170D+01  4.237D+01
   33   38     0     0  con    0  1.0D+00  3.6D-02  6.067D+00  4.225D+01
   34   39     0     0  con    0  1.0D+00  1.9D-02  6.033D+00  4.219D+01
   35   40     0     0  con    0  1.0D+00  3.0D-02  3.983D+00  4.206D+01
   36   41     0     0  con    0  1.0D+00  5.0D-02  4.516D+00  4.186D+01
   37   42     0     0  con    0  1.0D+00  7.6D-02  8.280D+00  4.171D+01
   38   43     0     0  con    0  1.0D+00  8.1D-02  1.329D+01  4.157D+01
   39   44     0     0  con    0  1.0D+00  1.2D-02  9.175D+00  4.145D+01
   40   45     0     0  con    0  1.0D+00  2.6D-02  5.264D+00  4.133D+01
   41   46     0     0  con    0  1.0D+00  2.0D-02  5.152D+00  4.127D+01
   42   47     0     0  con    0  1.0D+00  7.4D-02  4.655D+00  4.101D+01
   43   49     0     0  con    1  2.1D-01  4.0D-02  9.960D+00  4.095D+01
   44   50     0     0  con    0  1.0D+00  4.5D-02  3.722D+00  4.084D+01
   45   51     0     0  con    0  1.0D+00  1.9D-02  3.999D+00  4.079D+01
   46   52     0     0  con    0  1.0D+00  5.5D-02  4.810D+00  4.068D+01
   47   53     0     0  con    0  1.0D+00  9.5D-02  6.118D+00  4.052D+01
   48   55     0     0  con    1  1.1D-01  1.9D-02  7.836D+00  4.048D+01
   49   56     0     0  con    0  1.0D+00  6.9D-02  4.338D+00  4.038D+01
   50   57     0     0  con    0  1.0D+00  3.8D-02  4.310D+00  4.032D+01
   51   59     0     0  con    1  2.4D-01  2.3D-02  7.745D+00  4.029D+01
   52   60     0     0  con    0  1.0D+00  2.0D-02  6.523D+00  4.024D+01
   53   61     0     0  con    0  1.0D+00  5.8D-02  3.743D+00  4.009D+01
   54   62     0     0  con    0  1.0D+00  4.4D-02  8.505D+00  4.001D+01
   55   63     0     0  con    0  1.0D+00  4.5D-02  6.597D+00  3.997D+01
   56   64     0     0  con    0  1.0D+00  3.2D-02  5.197D+00  3.992D+01
   57   65     0     0  con    0  1.0D+00  1.8D-02  4.262D+00  3.989D+01
   58   66     0     0  con    0  1.0D+00  3.9D-02  4.623D+00  3.976D+01
   59   67     0     0  con    0  1.0D+00  9.9D-02  6.648D+00  3.958D+01
   60   69     0     0  con    1  1.7D-01  2.5D-02  4.250D+00  3.954D+01
   61   70     0     0  con    0  1.0D+00  8.5D-02  4.772D+00  3.943D+01
   62   72     0     0  con    1  4.5D-01  5.4D-02  9.058D+00  3.934D+01
   63   73     0     0  con    0  1.0D+00  1.1D-01  7.377D+00  3.922D+01
   64   74     0     0  con    0  1.0D+00  2.6D-02  6.210D+00  3.918D+01
   65   75     0     0  con    0  1.0D+00  4.6D-02  7.999D+00  3.910D+01
   66   76     0     0  con    0  1.0D+00  5.2D-02  6.632D+00  3.906D+01
   67   77     0     0  con    0  1.0D+00  8.4D-03  3.285D+00  3.904D+01
   68   78     0     0  con    0  1.0D+00  1.6D-02  2.902D+00  3.901D+01
   69   79     0     0  con    0  1.0D+00  3.8D-02  3.889D+00  3.898D+01
   70   80     0     0  con    0  1.0D+00  6.6D-02  4.323D+00  3.890D+01
   71   81     0     0  con    0  1.0D+00  1.4D-01  6.308D+00  3.882D+01
   72   82     0     0  con    0  1.0D+00  1.4D-01  5.386D+00  3.871D+01
   73   83     0     0  con    0  1.0D+00  3.2D-02  2.333D+00  3.866D+01
   74   84     0     0  con    0  1.0D+00  2.1D-02  2.915D+00  3.863D+01
   75   86     0     0  con    1  4.3D-01  1.8D-02  4.813D+00  3.861D+01
   76   87     0     0  con    0  1.0D+00  2.2D-02  3.398D+00  3.860D+01
   77   88     0     0  con    0  1.0D+00  5.8D-02  2.653D+00  3.856D+01
   78   89     0     0  con    0  1.0D+00  2.2D-02  2.305D+00  3.855D+01
   79   90     0     0  con    0  1.0D+00  5.8D-02  9.184D+00  3.854D+01
   80   91     0     0  con    0  1.0D+00  3.1D-02  2.638D+00  3.849D+01
   81   92     0     0  con    0  1.0D+00  7.6D-03  3.072D+00  3.848D+01
   82   93     0     0  con    0  1.0D+00  9.5D-03  4.257D+00  3.846D+01
   83   94     0     0  con    0  1.0D+00  2.7D-02  4.095D+00  3.842D+01
   84   95     0     0  con    0  1.0D+00  4.9D-02  3.207D+00  3.835D+01
   85   97     0     0  con    1  3.0D-01  4.5D-02  5.549D+00  3.832D+01
   86   98     0     0  con    0  1.0D+00  2.2D-02  4.624D+00  3.830D+01
   87   99     0     0  con    0  1.0D+00  9.8D-03  3.254D+00  3.828D+01
   88  100     0     0  con    0  1.0D+00  8.8D-03  2.492D+00  3.826D+01
   89  101     0     0  con    0  1.0D+00  1.5D-02  3.544D+00  3.823D+01
   90  102     0     0  con    0  1.0D+00  5.0D-02  3.244D+00  3.819D+01
   91  104     0     0  con    1  1.7D-01  2.9D-02  6.331D+00  3.817D+01
   92  105     0     0  con    0  1.0D+00  6.4D-02  3.512D+00  3.814D+01
   93  106     0     0  con    0  1.0D+00  5.6D-02  2.609D+00  3.811D+01
   94  107     0     0  con    0  1.0D+00  6.3D-02  3.094D+00  3.808D+01
   95  108     0     0  con    0  1.0D+00  3.3D-02  2.810D+00  3.806D+01
   96  109     0     0  con    0  1.0D+00  9.3D-02  2.923D+00  3.801D+01
   97  111     0     0  con    1  6.6D-02  1.0D-02  4.586D+00  3.800D+01
   98  112     0     0  con    0  1.0D+00  4.6D-02  2.717D+00  3.798D+01
   99  113     0     0  con    0  1.0D+00  1.9D-02  1.786D+00  3.796D+01
  100  114     0     0  con    0  1.0D+00  1.9D-02  3.459D+00  3.794D+01

STOP: TOTAL NO. of ITERATIONS REACHED LIMIT                 

 Total User time 5.099E-01 seconds.

